HMMER3/f [3.1b2 | February 2015]
NAME  COG1502.faa.final_tree.fa
LENG  159
ALPH  amino
RF    no
MM    no
CONS  yes
CS    no
MAP   yes
DATE  Fri Aug  3 19:17:50 2018
NSEQ  9078
EFFN  50.918823
CKSUM 1238766362
STATS LOCAL MSV      -10.2968  0.70850
STATS LOCAL VITERBI  -12.3138  0.70850
STATS LOCAL FORWARD   -4.5580  0.70850
HMM          A        C        D        E        F        G        H        I        K        L        M        N        P        Q        R        S        T        V        W        Y   
            m->m     m->i     m->d     i->m     i->i     d->m     d->d
  COMPO   2.57234  4.53167  2.80338  2.76663  3.36207  2.53315  3.70445  3.05840  2.77546  2.54185  4.09642  2.94936  2.91407  3.20024  2.85417  2.49512  2.81831  2.85729  4.38889  3.53819
          2.53244  4.56139  2.81778  2.80145  3.33646  2.53742  3.78598  3.03243  2.83060  2.49845  4.11930  2.98448  2.88531  3.19747  2.87792  2.50220  2.78141  2.83645  4.46407  3.53568
          3.42942  0.04228  4.71141  5.47682  0.00419  0.00000        *
      1   2.62924  3.79324  2.97102  2.94577  4.73930  2.96279  3.85624  1.84761  2.69561  2.83593  4.83546  1.87551  3.21450  3.53156  3.52082  2.69322  3.01425  3.21070  5.23377  4.30135   3184 i - - -
          2.68618  4.42225  2.77520  2.73124  3.46347  2.40513  3.72482  3.29354  2.67741  2.69355  4.24690  2.90347  2.73740  3.18147  2.89801  2.37887  2.77520  2.98519  4.58477  3.61503
          0.53804  6.16202  0.88189  0.49115  0.94655  0.61897  0.77327
      2   3.02922  5.11243  4.17091  4.64363  1.96807  3.85073  4.89850  2.15318  4.80272  2.12041  3.02106  4.61435  4.07546  4.88504  4.53133  4.26705  3.72105  2.29625  1.58158  2.66892   3186 w - - -
          2.68618  4.42225  2.77519  2.73123  3.46354  2.40513  3.72494  3.29354  2.67741  2.69355  4.24690  2.90347  2.73739  3.18146  2.89801  2.37887  2.77519  2.98518  4.58477  3.61503
          0.02028  6.71685  3.97019  0.61958  0.77255  2.23200  0.11352
      3   2.78399  4.51940  2.66137  2.53974  3.49244  3.49648  2.90942  4.39048  2.73059  2.93710  4.26843  3.15381  4.51406  3.01083  2.03653  2.03199  2.39514  3.89758  4.91699  3.33778   3187 s - - -
          2.68618  4.42225  2.77519  2.73123  3.46354  2.40513  3.72494  3.29354  2.67741  2.69355  4.24690  2.90345  2.73739  3.18146  2.89801  2.37887  2.77519  2.98518  4.58477  3.61503
          0.15574  6.45150  1.94744  0.59276  0.80475  2.04208  0.13899
      4   2.69102  5.44155  2.12097  2.31169  3.44002  3.08469  3.89371  3.29020  2.84641  3.02966  4.63474  2.57859  3.05200  3.13373  3.11706  2.70552  2.96100  3.13464  3.17920  3.15582   3189 d - - -
          2.68575  4.42302  2.77248  2.73205  3.46065  2.40609  3.72589  3.29357  2.67819  2.69358  4.24720  2.90303  2.73790  3.18212  2.89780  2.37836  2.77574  2.98523  4.58609  3.61601
          1.01432  0.48945  3.71375  0.00987  4.62331  2.34851  0.10039
      5   2.08125  5.47923  1.64408  2.89453  4.71332  2.26899  4.50820  4.23615  3.15970  3.20859  4.48408  3.44430  3.16525  3.38154  3.04012  2.05859  2.68114  3.73698  6.17666  4.37813   3191 d - - -
          2.68618  4.42225  2.77519  2.73123  3.46354  2.40513  3.72494  3.29354  2.67741  2.69355  4.24690  2.90347  2.73739  3.18146  2.89801  2.37887  2.77519  2.98518  4.58477  3.61503
          0.01076  6.67718  4.66236  0.61958  0.77255  0.77587  0.61674
      6   2.36574  5.59488  2.52343  2.41079  3.53590  3.23075  3.90980  3.54927  2.85247  2.40416  3.99288  2.70844  3.30032  3.08475  3.04554  2.49088  2.26619  3.38431  4.52243  3.89207   3192 t - - -
          2.68167  4.42803  2.76925  2.72351  3.46737  2.40751  3.72108  3.29675  2.68164  2.69543  4.25170  2.89970  2.74171  3.18124  2.89267  2.38254  2.77623  2.98889  4.57088  3.61697
          1.35699  0.40918  2.54631  1.51426  0.24842  1.66044  0.21079
      7   2.32812  4.90926  3.25139  3.77283  3.64956  3.60976  4.03501  2.02970  3.90253  1.92009  3.39988  2.90563  4.07115  3.83352  3.02812  2.96522  2.26419  2.30635  4.53518  3.74952   3212 l - - -
          2.68618  4.42225  2.77519  2.73123  3.46354  2.40513  3.72494  3.29354  2.67741  2.69355  4.24690  2.90347  2.73739  3.18146  2.89801  2.37887  2.77519  2.98518  4.58477  3.61503
          0.01952  6.93681  3.99762  0.61958  0.77255  0.47231  0.97700
      8   2.47908  5.14713  3.21533  3.19399  3.29191  1.69479  3.98079  2.83481  3.46651  2.14580  3.99165  3.14184  4.24019  3.35386  3.37437  2.97973  2.73456  2.61731  4.07435  3.44844   3213 g - - -
          2.63707  4.43723  2.77913  2.72880  3.45198  2.43432  3.73112  3.26002  2.68748  2.65037  4.24000  2.92290  2.76889  3.17942  2.87044  2.40428  2.79052  2.97871  4.59336  3.61402
          3.28932  0.03921  6.75273  2.78100  0.06398  1.90663  0.16085
      9   2.77523  5.80894  3.51128  3.17991  4.04089  0.93346  3.92874  3.23823  2.76076  3.45516  5.02105  3.23239  3.91910  3.47208  2.80053  3.17144  3.00768  3.75489  4.19155  4.50181   3314 g - - -
          2.68618  4.42225  2.77519  2.73123  3.46354  2.40513  3.72494  3.29354  2.67741  2.69355  4.24690  2.90347  2.73739  3.18146  2.89801  2.37887  2.77519  2.98518  4.58477  3.61503
          0.41055  7.12505  1.09090  0.61958  0.77255  1.91112  0.16007
     10   2.87574  4.80683  4.37943  3.50819  2.98610  3.50982  5.02048  2.78415  3.51118  2.72881  4.28081  4.10059  4.14981  4.05587  3.69850  3.66038  3.03107  0.78381  5.09797  3.72801   3315 v - - -
          2.68614  4.42345  2.77489  2.72920  3.46479  2.40670  3.72497  3.29448  2.67475  2.69506  4.24841  2.90456  2.73797  3.17979  2.89428  2.37973  2.77483  2.98602  4.58642  3.61660
          2.10905  0.25454  2.26940  0.00744  4.90468  1.57790  0.23119
     11   2.41324  4.11797  3.58699  3.40833  3.41162  4.20380  4.54912  2.46441  3.17065  3.09271  4.51156  3.82838  3.98260  3.42080  3.72449  3.53004  3.39344  0.86412  6.42492  4.78111   3317 v - - -
          2.69118  4.42655  2.76606  2.73672  3.46068  2.41238  3.72856  3.27954  2.68276  2.68032  4.23988  2.90930  2.74458  3.18661  2.88286  2.38451  2.77988  2.97584  4.58948  3.60729
          2.26970  0.18736  2.69540  1.37883  0.29018  1.90535  0.16107
     12   2.16018  5.61923  2.03172  3.02923  4.23535  2.20767  3.38962  2.67067  3.15279  2.70068  3.39126  3.65273  3.34014  3.19827  3.27013  2.64142  3.32079  3.06402  4.18207  3.85614   3323 d - - -
          2.68618  4.42225  2.77520  2.73123  3.46354  2.40511  3.72494  3.29354  2.67741  2.69355  4.24690  2.90347  2.73740  3.18146  2.89801  2.37887  2.77520  2.98518  4.58477  3.61503
          0.06168  6.30948  2.84744  0.57885  0.82222  1.96429  0.15112
     13   2.44331  5.27321  3.72891  4.28782  2.12977  3.86618  4.22714  1.99071  3.84630  1.63016  2.84664  3.35712  5.07758  4.38484  3.70836  3.69346  3.44594  2.11911  4.38239  3.31023   3325 l - - -
          2.68618  4.42225  2.77519  2.73123  3.46354  2.40513  3.72494  3.29354  2.67741  2.69355  4.24690  2.90347  2.73739  3.18146  2.89801  2.37887  2.77519  2.98518  4.58477  3.61503
          0.02735  6.74079  3.65753  0.61958  0.77255  1.81099  0.17852
     14   2.77282  4.37471  3.44965  3.05124  3.90237  1.30681  3.92200  2.91814  3.52928  2.20559  4.24492  2.87442  3.80460  3.72775  3.50692  3.04866  3.39637  2.76268  5.71914  3.05270   3326 g - - -
          2.68657  4.42184  2.77651  2.73230  3.46104  2.40599  3.72547  3.29395  2.67868  2.69329  4.24779  2.90455  2.73833  3.18127  2.89878  2.37940  2.77505  2.98587  4.54215  3.61247
          1.05169  0.43783  5.25536  0.00939  4.67269  0.77307  0.61914
     15   2.34043  3.73255  2.44938  2.75481  3.54490  2.54308  4.09943  3.52349  3.16148  3.39178  4.33578  2.81915  3.80153  2.99488  2.74835  1.83177  2.92962  3.37325  5.22562  3.27374   3329 s - - -
          2.67440  4.44059  2.76230  2.72977  3.45537  2.41712  3.72732  3.27723  2.68978  2.67356  4.24264  2.91391  2.73712  3.18179  2.89261  2.39154  2.78331  2.98131  4.59933  3.61196
          3.16409  0.05148  4.83827  2.88618  0.05741  0.54616  0.86553
     16   2.34798  5.45514  3.13874  2.87033  2.59703  3.07152  3.56923  3.36679  2.81971  2.84606  4.03872  3.47012  3.73543  3.17627  2.96070  2.71585  3.14603  3.35314  2.04378  2.82811   3521 w - - -
          2.64732  4.46231  2.79006  2.74323  3.42813  2.43420  3.72439  3.24953  2.70906  2.63663  4.21495  2.92643  2.75474  3.19276  2.85015  2.42606  2.79596  2.95159  4.49817  3.61563
          2.99185  0.07421  3.84784  3.67693  0.02563  1.08646  0.41160
     17   2.62515  4.82234  3.39906  3.21545  2.91667  3.09925  3.26951  2.43305  3.22438  2.12598  3.51889  3.41488  2.75880  3.10939  2.84847  2.76194  2.95293  2.63633  4.30333  3.41277   3841 l - - -
          2.68438  4.42578  2.77594  2.73384  3.46195  2.40915  3.71932  3.28830  2.67974  2.68970  4.24696  2.90512  2.73749  3.18493  2.89209  2.37993  2.77684  2.98161  4.58345  3.61732
          1.46259  0.44543  2.05716  1.29536  0.31993  1.71843  0.19766
     18   2.65386  5.32770  2.74387  3.39092  2.73092  2.51009  3.68746  3.30728  2.81753  2.60579  4.10221  1.76012  3.33413  3.44110  3.22402  2.69252  2.84935  3.21457  5.10930  4.05919   3863 n - - -
          2.68618  4.42225  2.77519  2.73123  3.46354  2.40513  3.72494  3.29354  2.67741  2.69355  4.24690  2.90347  2.73739  3.18146  2.89801  2.37887  2.77519  2.98518  4.58477  3.61503
          0.15509  6.97928  1.94679  0.61958  0.77255  1.56790  0.23380
     19   2.37250  4.88814  3.59659  3.51952  3.76513  2.31332  3.20884  3.36201  2.74085  2.44452  4.83895  2.80074  2.52689  3.11153  2.18863  2.74122  3.22948  3.41812  6.27843  2.99924   3864 r - - -
          2.68618  4.42225  2.77519  2.73123  3.46354  2.40513  3.72494  3.29354  2.67741  2.69355  4.24690  2.90347  2.73739  3.18146  2.89801  2.37887  2.77519  2.98518  4.58477  3.61503
          0.03627  6.86624  3.36461  0.61958  0.77255  1.63647  0.21650
     20   2.66174  4.27845  3.58737  2.92560  4.15222  2.70118  3.89088  3.25686  3.32226  3.45914  5.26462  3.28616  4.68319  3.59765  1.19169  2.39176  2.75527  3.03149  4.23042  3.69210   3865 r - - -
          2.68618  4.42225  2.77519  2.73123  3.46354  2.40513  3.72494  3.29354  2.67741  2.69355  4.24690  2.90347  2.73739  3.18146  2.89801  2.37887  2.77519  2.98518  4.58477  3.61503
          0.01827  6.88994  4.06922  0.61958  0.77255  1.97016  0.15017
     21   3.32907  5.32745  2.43444  3.24941  3.64290  4.07495  2.29119  4.01757  3.41363  2.28632  2.30960  1.83262  4.36062  3.27306  3.71943  2.76917  2.55237  3.53897  5.55214  3.56625   3866 n - - -
          2.68618  4.42225  2.77519  2.73123  3.46354  2.40513  3.72494  3.29354  2.67741  2.69355  4.24690  2.90347  2.73739  3.18146  2.89801  2.37887  2.77519  2.98518  4.58477  3.61503
          0.01345  6.90177  4.39354  0.61958  0.77255  1.91160  0.15999
     22   3.50472  5.91818  3.66832  3.48617  4.43229  4.48450  0.46436  4.51683  3.55989  3.61434  4.83185  3.76744  3.77135  3.71523  3.77567  3.21917  3.90380  3.89047  6.94925  4.58666   3867 H - - -
          2.68621  4.42228  2.77518  2.73116  3.46357  2.40516  3.72479  3.29357  2.67744  2.69358  4.24693  2.90346  2.73720  3.18149  2.89804  2.37888  2.77523  2.98521  4.58480  3.61506
          0.02607  4.36793  4.33872  0.24301  1.53369  1.89350  0.16316
     23   2.36483  5.28734  2.85663  2.83852  4.96414  4.01040  3.72030  3.43285  3.25614  2.97303  4.16674  2.33291  5.03745  1.99508  1.55444  2.96599  3.09406  3.28235  5.30144  4.82569   3869 r - - -
          2.68624  4.42234  2.77528  2.73132  3.46316  2.40505  3.72503  3.29363  2.67749  2.69364  4.24698  2.90355  2.73733  3.18139  2.89774  2.37895  2.77507  2.98510  4.58486  3.61512
          0.04467  4.14835  3.57919  0.70896  0.67758  1.90973  0.16031
     24   3.35096  6.40139  3.99810  2.98723  5.02771  4.34583  3.79307  5.19841  0.50050  3.96727  5.24569  3.49261  5.19479  3.27884  2.98377  3.31166  3.39383  4.38413  6.38188  4.81818   3873 K - - -
          2.68618  4.42225  2.77519  2.73123  3.46354  2.40513  3.72494  3.29354  2.67741  2.69355  4.24690  2.90347  2.73739  3.18146  2.89801  2.37887  2.77519  2.98518  4.58477  3.61503
          0.01730  6.93132  4.12415  0.61958  0.77255  0.81436  0.58505
     25   2.91938  3.82069  4.46132  4.09353  2.33926  3.38838  5.35139  1.72218  4.36505  1.54539  3.29175  4.07791  3.76719  4.31300  4.25469  2.98860  2.90872  2.29409  5.01819  3.24017   3874 l - - -
          2.68271  4.42342  2.77608  2.73451  3.46184  2.40925  3.72612  3.27958  2.68251  2.68541  4.24051  2.90351  2.74454  3.18489  2.89901  2.38264  2.77519  2.97288  4.58578  3.61608
          3.26466  0.06218  3.81333  1.27462  0.32786  1.65923  0.21107
     26   3.09387  4.76020  3.36887  3.36936  3.38441  3.63193  5.11797  1.73203  3.97119  2.24687  3.97827  4.01521  3.67611  3.87814  3.84028  3.46323  2.75448  1.25598  6.11548  3.76430   3933 v - - -
          2.68595  4.42219  2.77534  2.73140  3.46356  2.40528  3.72473  3.29356  2.67760  2.69278  4.24515  2.90353  2.73759  3.18144  2.89817  2.37905  2.77532  2.98528  4.58457  3.61494
          0.30030  3.18504  1.52312  0.43678  1.03877  2.07959  0.13351
     27   2.11067  3.31939  4.56559  4.27159  3.14365  4.01412  3.94553  1.35657  3.91689  2.70959  4.26211  4.82974  4.82118  4.72068  3.60603  3.93751  3.37642  1.39593  5.52625  3.80259   3936 i - - -
          2.68560  4.42124  2.77534  2.73068  3.46319  2.40562  3.72489  3.29353  2.67787  2.69262  4.24747  2.90389  2.73793  3.18171  2.89776  2.37898  2.77530  2.98483  4.58534  3.61535
          0.13709  2.09741  5.23423  0.63601  0.75375  1.28616  0.32342
     28   3.07968  6.19153  0.60239  2.88123  4.84405  3.50503  4.82695  4.72745  3.09226  3.92027  5.18789  3.50930  2.97107  3.46179  3.59009  3.22395  3.74422  4.39076  7.04343  5.12222   3952 D - - -
          2.68507  4.42644  2.76936  2.73247  3.46790  2.39792  3.72579  3.29677  2.67959  2.69485  4.24986  2.90327  2.73901  3.18222  2.89626  2.38081  2.77723  2.98527  4.58623  3.61687
          2.16668  0.15799  3.45513  0.89504  0.52525  2.41099  0.09401
     29   1.98164  4.67009  2.82277  2.29614  3.86560  3.74271  3.33176  3.68378  2.27204  3.38365  4.99271  3.31267  3.85298  2.76354  2.39713  2.55203  2.79604  2.89376  4.25713  3.76368   3974 a - - -
          2.68618  4.42225  2.77519  2.73123  3.46354  2.40513  3.72494  3.29354  2.67741  2.69355  4.24690  2.90347  2.73739  3.18146  2.89801  2.37887  2.77519  2.98518  4.58477  3.61503
          0.27312  6.89263  1.43557  0.61958  0.77255  1.94162  0.15487
     30   2.60683  4.41727  4.48749  3.32451  3.15000  3.76930  4.10512  1.90953  3.68264  2.09021  3.41925  4.39186  5.39637  4.04966  3.11882  3.78974  2.72086  1.39210  4.54835  3.55061   3975 v - - -
          2.68618  4.42225  2.77519  2.73123  3.46354  2.40513  3.72494  3.29354  2.67741  2.69355  4.24690  2.90347  2.73739  3.18146  2.89801  2.37887  2.77519  2.98518  4.58477  3.61503
          0.03002  6.66383  3.56504  0.61958  0.77255  0.95199  0.48771
     31   1.17940  4.66906  3.82830  3.74172  3.83822  1.83003  5.39750  3.50415  3.71276  2.55085  4.07096  4.00593  4.26699  3.56248  4.18821  2.90846  3.26090  2.31752  5.20728  3.54084   3976 a - - -
          2.68618  4.42225  2.77519  2.73123  3.46354  2.40513  3.72494  3.29354  2.67741  2.69355  4.24690  2.90347  2.73739  3.18146  2.89801  2.37887  2.77519  2.98518  4.58477  3.61503
          0.01642  6.88523  4.18253  0.61958  0.77255  1.78144  0.18440
     32   3.51734  5.05913  4.39525  4.09878  1.43404  3.99083  4.99067  1.98630  4.40331  2.07060  3.35730  5.11866  4.27715  5.02504  3.60667  4.07286  3.84142  2.35077  3.73814  1.89799   3977 f - - -
          2.68618  4.42225  2.77519  2.73123  3.46354  2.40513  3.72494  3.29354  2.67741  2.69355  4.24690  2.90347  2.73739  3.18146  2.89801  2.37887  2.77519  2.98518  4.58477  3.61503
          0.01986  6.91680  3.98088  0.61958  0.77255  2.22434  0.11445
     33   3.05420  3.43200  4.26349  3.70388  3.70456  3.81144  5.30866  1.91798  3.86135  2.24503  3.33548  4.07651  5.12184  4.21364  4.84122  2.68953  1.88838  1.44543  4.76893  4.44907   3978 v - - -
          2.68618  4.42225  2.77519  2.73123  3.46354  2.40513  3.72494  3.29354  2.67741  2.69355  4.24690  2.90347  2.73739  3.18146  2.89801  2.37887  2.77519  2.98518  4.58477  3.61503
          0.09650  6.91167  2.39697  0.61958  0.77255  2.03770  0.13964
     34   3.10775  5.21890  3.54734  3.60228  4.71838  0.58604  4.94777  3.97528  3.70172  3.52226  3.37129  3.34736  4.50472  3.77262  3.85948  3.13159  3.22940  3.64225  6.09332  4.42707   3979 G - - -
          2.68618  4.42225  2.77519  2.73123  3.46354  2.40513  3.72494  3.29354  2.67741  2.69355  4.24690  2.90347  2.73739  3.18146  2.89801  2.37887  2.77519  2.98518  4.58477  3.61503
          0.05191  6.84229  3.00546  0.61958  0.77255  2.32772  0.10261
     35   2.63930  5.62200  4.02796  3.50398  4.55222  0.84326  4.33948  4.16599  3.50081  4.02985  4.71776  4.08429  3.89088  3.54700  3.63291  1.80151  3.02114  4.02604  5.23174  3.84931   3980 g - - -
          2.68618  4.42225  2.77519  2.73123  3.46354  2.40513  3.72494  3.29354  2.67741  2.69355  4.24690  2.90347  2.73739  3.18146  2.89801  2.37887  2.77519  2.98518  4.58477  3.61503
          0.01183  6.81025  4.54103  0.61958  0.77255  2.33394  0.10194
     36   2.44616  3.57090  3.93391  3.76337  2.60510  3.75098  3.07259  2.01895  3.96820  2.27834  2.89138  4.24462  4.24610  3.38358  2.01487  2.86880  3.19877  2.72132  4.90119  3.79891   3981 r - - -
          2.68613  4.42233  2.77522  2.73130  3.46362  2.40506  3.72485  3.29352  2.67747  2.69363  4.24648  2.90351  2.73738  3.18146  2.89792  2.37884  2.77522  2.98526  4.58450  3.61511
          0.20550  4.30912  1.75842  0.80420  0.59320  2.30130  0.10550
     37   3.30424  4.87015  2.03717  3.07337  5.29830  3.34236  3.86784  4.53721  3.18507  4.17729  4.80236  0.72357  4.65858  3.62075  3.49528  3.44244  3.47308  3.90525  6.83122  5.07877   3988 n - - -
          2.68618  4.42225  2.77520  2.73123  3.46354  2.40513  3.72495  3.29352  2.67741  2.69355  4.24690  2.90347  2.73740  3.18146  2.89801  2.37887  2.77520  2.98516  4.58477  3.61503
          0.00350  6.17489  6.56183  0.57229  0.83065  0.28974  1.38014
     38   3.01821  5.04090  3.34431  3.33670  2.83376  2.57760  4.58947  1.99083  3.73101  1.71628  3.24884  2.99444  3.40753  3.88166  3.48224  3.08574  3.03500  2.44854  4.78393  3.62316   3990 l - - -
          2.67535  4.45827  2.74691  2.73278  3.43494  2.41754  3.71206  3.28857  2.69493  2.68308  4.24651  2.91142  2.75562  3.19197  2.88825  2.39331  2.78894  2.98328  4.54664  3.56557
          3.38051  0.04585  4.52987  2.99627  0.05127  1.18522  0.36482
     39   2.45411  5.48926  3.21591  2.63291  3.81943  3.15876  3.42647  3.91503  2.92930  2.99671  4.72735  2.02392  2.02191  2.95038  3.13589  2.54577  2.80265  3.65034  5.08605  3.28877   4175 p - - -
          2.68618  4.42225  2.77519  2.73123  3.46354  2.40513  3.72494  3.29354  2.67741  2.69355  4.24690  2.90347  2.73739  3.18146  2.89801  2.37887  2.77519  2.98518  4.58477  3.61503
          0.33359  7.14270  1.26279  0.61958  0.77255  1.72692  0.19581
     40   3.58436  4.87321  4.38646  4.12093  2.27814  4.32595  4.31110  3.56894  3.55168  2.36368  3.55202  3.75052  4.96275  4.09359  3.28268  3.63695  3.76390  3.27134  0.96419  2.60739   4176 w - - -
          2.68618  4.42225  2.77519  2.73123  3.46354  2.40513  3.72494  3.29354  2.67741  2.69355  4.24690  2.90347  2.73739  3.18146  2.89801  2.37887  2.77519  2.98518  4.58477  3.61503
          0.08137  6.81870  2.56330  0.61958  0.77255  2.24694  0.11174
     41   3.20651  5.17156  3.41079  2.77292  4.66713  3.88598  1.94244  3.33194  2.63258  2.63166  4.52625  3.28544  4.26847  2.22885  1.99257  2.63136  2.64583  3.01628  6.43440  5.16471   4177 h - - -
          2.68614  4.42229  2.77524  2.73128  3.46358  2.40517  3.72475  3.29358  2.67737  2.69351  4.24694  2.90351  2.73735  3.18151  2.89774  2.37891  2.77524  2.98523  4.58481  3.61507
          0.02329  5.65581  3.93630  1.25403  0.33597  0.81435  0.58506
     42   2.93701  5.69128  1.07001  2.49057  4.52373  3.37301  4.26178  4.03505  3.03032  3.61259  4.75123  3.06238  3.94856  3.20622  3.38765  2.22870  2.69514  3.65630  5.56408  4.45020   4186 d - - -
          2.68203  4.42323  2.77471  2.73113  3.46509  2.41037  3.72024  3.27907  2.68371  2.68537  4.23308  2.90361  2.74759  3.17982  2.90087  2.38267  2.77532  2.97520  4.59793  3.61591
          2.58152  0.15324  2.71177  1.90645  0.16088  2.18988  0.11871
     43   2.68710  4.38834  3.33316  2.37852  3.48989  3.63558  3.78898  3.31862  2.50917  2.35610  3.06841  3.38465  4.25887  2.96074  1.67433  3.19260  3.45609  3.06818  4.84516  3.25488   4239 r - - -
          2.68643  4.42309  2.77585  2.73138  3.46330  2.40600  3.72519  3.28991  2.67776  2.69168  4.24570  2.90407  2.73778  3.18161  2.89875  2.37962  2.77536  2.98540  4.58574  3.61102
          0.46017  1.79827  1.59337  0.70713  0.67936  2.42706  0.09244
     44   3.15192  4.82509  4.65979  4.16679  2.70748  4.95379  4.29634  1.58238  3.56307  1.54848  3.21376  4.65787  4.41300  4.47021  3.72263  3.86254  3.75729  1.55409  5.11200  3.46564   4243 l - - -
          2.68618  4.42225  2.77519  2.73123  3.46354  2.40513  3.72494  3.29354  2.67741  2.69355  4.24690  2.90347  2.73739  3.18146  2.89801  2.37887  2.77519  2.98518  4.58477  3.61503
          0.05604  6.73464  2.93172  0.61958  0.77255  1.89131  0.16355
     45   2.69768  5.46020  2.56499  1.93397  4.38129  3.90362  3.69957  3.95469  2.47352  3.51049  4.58513  3.51311  3.57094  2.74844  1.89741  2.45723  2.24447  3.53422  5.92800  4.55408   4244 r - - -
          2.68596  4.42323  2.77492  2.73089  3.46247  2.40542  3.72499  3.29200  2.67803  2.69320  4.24657  2.90452  2.73759  3.18088  2.89802  2.37884  2.77576  2.98545  4.58536  3.61473
          0.23679  1.56530  6.31123  1.16792  0.37253  0.81618  0.58361
     46   3.05350  4.99356  3.08881  2.96203  4.01932  0.88612  4.50707  3.31018  3.29758  2.76951  4.26631  3.40127  4.08298  3.75323  3.34054  3.04862  3.28676  2.95780  5.64166  4.83185   4258 g - - -
          2.67466  4.42578  2.77326  2.73293  3.46873  2.41297  3.72786  3.28537  2.68225  2.68763  4.24055  2.90473  2.73151  3.18168  2.90039  2.38359  2.77735  2.97883  4.59001  3.62078
          2.68529  0.10308  3.51505  1.66521  0.20967  2.44548  0.09067
     47   1.63958  4.98535  3.74648  3.24927  4.20884  3.88319  4.50511  2.77613  3.75503  1.91187  3.89302  3.88193  4.13613  3.54515  3.66284  3.29178  3.28849  1.38878  5.13718  4.16956   4292 v - - -
          2.68618  4.42225  2.77519  2.73123  3.46354  2.40513  3.72494  3.29354  2.67741  2.69355  4.24690  2.90347  2.73739  3.18146  2.89801  2.37887  2.77519  2.98518  4.58477  3.61503
          0.25728  6.97609  1.48760  0.61958  0.77255  1.67622  0.20712
     48   1.90385  5.38380  2.88980  2.69292  3.72006  2.81577  3.51837  3.81796  2.72034  3.03639  4.42873  2.84748  4.13564  2.61358  2.41551  2.81458  3.20372  3.24672  4.12763  2.66637   4293 a - - -
          2.68618  4.42225  2.77520  2.73124  3.46354  2.40513  3.72495  3.29349  2.67741  2.69355  4.24679  2.90347  2.73740  3.18144  2.89801  2.37887  2.77520  2.98519  4.58477  3.61503
          0.01507  5.79631  4.42990  0.50773  0.92096  2.63339  0.07455
     49   2.01954  4.93126  1.82186  2.22075  4.52322  2.70736  3.59217  4.38116  3.09218  3.18860  4.26643  3.24423  3.84148  2.55457  2.78720  2.43825  3.24789  3.73489  5.33355  4.08149   4296 d - - -
          2.68611  4.42226  2.77521  2.73125  3.46355  2.40514  3.72496  3.29348  2.67742  2.69354  4.24691  2.90347  2.73741  3.18148  2.89802  2.37888  2.77516  2.98515  4.58478  3.61504
          0.08801  5.88077  2.50771  0.83243  0.57091  2.55746  0.08067
     50   2.44611  5.15748  4.96507  3.88890  2.77580  4.44734  5.40355  2.19357  4.13333  1.14047  3.13104  3.92215  4.28450  3.95940  3.78520  3.54184  3.44518  2.08232  4.54806  3.23592   4301 l - - -
          2.68618  4.42225  2.77519  2.73123  3.46354  2.40513  3.72494  3.29354  2.67741  2.69355  4.24690  2.90347  2.73739  3.18146  2.89801  2.37887  2.77519  2.98518  4.58477  3.61503
          0.05080  6.70868  3.03009  0.61958  0.77255  1.98940  0.14708
     51   2.32094  5.46064  2.92658  2.03795  3.64505  2.99272  3.58404  3.46341  3.10234  2.75186  4.08687  3.07330  4.38748  2.20188  2.52952  3.03924  2.68223  3.08759  5.18712  3.31552   4302 e - - -
          2.68493  4.42368  2.77769  2.73244  3.44949  2.40785  3.72675  3.29285  2.67775  2.69281  4.24211  2.90303  2.73954  3.18203  2.89617  2.38011  2.77458  2.98434  4.58673  3.61564
          0.79305  0.63953  3.91215  0.98307  0.46866  1.26494  0.33164
     52   1.83177  4.99940  2.58401  2.08992  4.54901  3.77072  3.59508  3.56826  2.56809  2.42540  4.22387  3.08915  4.11256  2.67059  2.31562  3.19483  2.90587  3.58258  5.85147  4.73992   4313 a - - -
          2.68595  4.42338  2.77575  2.73093  3.46465  2.40610  3.72595  3.29119  2.67634  2.69406  4.24756  2.90149  2.73825  3.18071  2.89634  2.37964  2.77621  2.98418  4.58614  3.61630
          0.36079  2.59872  1.47618  1.87843  0.16585  2.24554  0.11190
     53   2.53372  4.51276  3.20714  2.58515  3.36928  3.75163  3.07510  3.25288  2.59522  2.50124  5.00978  2.34721  4.07329  2.70976  2.38078  3.02548  2.98508  3.18289  5.60368  2.63281   4322 n - - -
          2.68618  4.42225  2.77519  2.73123  3.46354  2.40513  3.72494  3.29354  2.67741  2.69355  4.24690  2.90347  2.73739  3.18146  2.89801  2.37887  2.77519  2.98518  4.58477  3.61503
          0.05366  6.64989  2.97692  0.61958  0.77255  1.72648  0.19590
     54   2.33575  4.83567  4.10285  3.99641  1.14112  3.91031  4.78636  3.15243  3.70863  1.93211  4.12113  4.42934  4.33921  4.28725  3.76087  2.99422  3.00953  3.08557  4.28109  2.75909   4323 f - - -
          2.68618  4.42225  2.77519  2.73123  3.46354  2.40513  3.72494  3.29354  2.67741  2.69355  4.24690  2.90347  2.73739  3.18146  2.89801  2.37887  2.77519  2.98518  4.58477  3.61503
          0.08609  6.72106  2.50981  0.61958  0.77255  1.73273  0.19456
     55   2.61355  3.77144  2.42451  2.45218  3.57242  3.77768  4.03362  3.44110  2.88577  2.65833  4.14884  2.67688  2.92016  3.27216  1.86429  3.14275  3.32191  2.62082  5.44957  4.21339   4324 r - - -
          2.68613  4.42228  2.77522  2.73123  3.46357  2.40516  3.72497  3.29343  2.67744  2.69355  4.24693  2.90349  2.73732  3.18146  2.89795  2.37890  2.77522  2.98517  4.58480  3.61506
          0.02543  5.13131  3.95294  0.79083  0.60416  0.63162  0.75871
     56   2.12820  5.11461  2.38004  1.90752  4.44008  3.05645  3.78844  4.18679  2.69790  3.13808  4.07018  3.16522  4.32304  2.32965  2.44517  2.88495  2.93537  3.32924  5.15419  3.94182   4328 e - - -
          2.68597  4.42362  2.77382  2.73140  3.46048  2.40547  3.72482  3.29383  2.67798  2.69277  4.24720  2.90405  2.73778  3.18132  2.89784  2.37953  2.77587  2.98511  4.58571  3.61449
          0.24624  1.72974  3.19580  0.94194  0.49409  1.79733  0.18121
     57   2.54288  4.35970  1.88775  2.71164  3.66248  3.38868  4.04637  3.27435  3.31378  2.45485  2.98076  3.13494  4.15141  3.06679  2.04244  3.10003  3.03040  3.38181  5.25997  3.35447   4339 d - - -
          2.68618  4.42225  2.77519  2.73123  3.46354  2.40513  3.72494  3.29354  2.67741  2.69355  4.24690  2.90347  2.73739  3.18146  2.89801  2.37887  2.77519  2.98518  4.58477  3.61503
          0.06301  7.02119  2.81049  0.61958  0.77255  1.95965  0.15188
     58   3.42754  4.47101  4.12347  3.64110  2.32077  4.73068  4.70127  3.46423  3.89166  2.60123  4.08284  3.72794  5.23926  4.07097  3.32796  3.56916  3.91738  3.72549  0.77711  3.20264   4340 w - - -
          2.68618  4.42225  2.77519  2.73123  3.46354  2.40513  3.72494  3.29354  2.67741  2.69355  4.24690  2.90347  2.73739  3.18146  2.89801  2.37887  2.77519  2.98518  4.58477  3.61503
          0.02405  6.96584  3.78005  0.61958  0.77255  2.09126  0.13185
     59   2.53563  5.51593  2.53308  2.40995  3.61888  3.22842  3.15648  3.75936  2.76618  2.94556  4.26577  2.18354  4.21918  2.46122  2.48887  2.59927  3.04915  3.81475  5.31428  3.18616   4341 n - - -
          2.68618  4.42225  2.77519  2.73123  3.46354  2.40513  3.72494  3.29354  2.67741  2.69355  4.24690  2.90347  2.73739  3.18146  2.89801  2.37887  2.77519  2.98518  4.58477  3.61503
          0.04436  6.96139  3.15966  0.61958  0.77255  2.03448  0.14012
     60   2.32489  5.03696  2.77568  2.62356  3.50679  2.99583  3.46994  2.90341  2.85201  2.27442  4.09201  3.46715  4.18711  3.07091  2.18441  2.66086  2.93100  3.16358  4.13092  3.48234   4342 r - - -
          2.68618  4.42225  2.77520  2.73123  3.46354  2.40513  3.72495  3.29354  2.67741  2.69355  4.24690  2.90344  2.73740  3.18146  2.89799  2.37887  2.77520  2.98518  4.58477  3.61503
          0.06414  6.26675  2.80956  0.54949  0.86096  1.92174  0.15824
     61   2.02075  4.82748  3.09427  2.41174  3.53955  3.12934  3.68249  3.11841  3.13882  2.33017  3.89856  3.22185  3.38266  3.13327  3.11664  2.63681  2.52752  2.64053  5.18393  3.46321   4344 a - - -
          2.68607  4.42248  2.77525  2.73128  3.46377  2.40529  3.72450  3.29367  2.67730  2.69368  4.24694  2.90361  2.73762  3.18141  2.89729  2.37885  2.77522  2.98529  4.58334  3.61533
          0.13099  3.21953  2.49132  1.32880  0.30760  2.23990  0.11257
     62   2.31565  3.98457  2.78020  2.47925  4.15820  2.86245  4.00206  3.28912  2.44807  2.74113  4.48721  3.36279  3.62957  3.23599  2.59620  2.68179  2.13104  3.03153  3.96504  4.07937   4356 t - - -
          2.68619  4.42226  2.77521  2.73124  3.46355  2.40514  3.72496  3.29355  2.67742  2.69349  4.24691  2.90348  2.73735  3.18147  2.89798  2.37888  2.77521  2.98515  4.58478  3.61504
          0.11361  6.03448  2.25378  0.77907  0.61403  2.14888  0.12399
     63   2.54704  4.76978  2.60459  2.18322  3.62389  1.94640  3.90231  4.14552  2.72387  3.24320  4.69635  3.24828  3.13087  2.82585  2.31297  2.66950  3.09989  3.40044  5.32120  4.27041   4361 g - - -
          2.68618  4.42225  2.77519  2.73123  3.46354  2.40513  3.72494  3.29354  2.67741  2.69355  4.24690  2.90347  2.73739  3.18146  2.89801  2.37887  2.77519  2.98518  4.58477  3.61503
          0.07617  6.77069  2.62837  0.61958  0.77255  2.14219  0.12488
     64   2.45568  4.92070  2.48706  1.69147  3.79280  3.17349  3.48910  3.99314  2.67649  2.65068  4.67435  2.64786  3.71554  2.89485  2.73966  2.88465  3.08794  3.21252  4.76872  4.41143   4362 e - - -
          2.68619  4.42226  2.77519  2.73117  3.46355  2.40514  3.72491  3.29352  2.67740  2.69354  4.24691  2.90347  2.73740  3.18147  2.89802  2.37888  2.77519  2.98519  4.58478  3.61504
          0.12228  5.87591  2.18662  0.77392  0.61841  2.05654  0.13685
     65   2.66802  4.76612  2.55294  2.56237  3.84560  3.04613  3.67903  3.00467  2.53460  2.63222  4.21306  3.08924  2.66560  3.28671  2.54385  2.78238  2.88660  2.64727  4.31333  3.71046   4368 k - - -
          2.68618  4.42225  2.77519  2.73123  3.46354  2.40513  3.72494  3.29354  2.67741  2.69355  4.24690  2.90347  2.73739  3.18146  2.89801  2.37887  2.77519  2.98518  4.58477  3.61503
          0.00187  6.67974  7.40209  0.61958  0.77255  0.19222  1.74369
     66   2.38622  4.86936  2.86467  2.51540  3.35669  3.02007  3.77535  2.95980  2.96481  2.13066  4.17606  3.22244  2.86760  2.98419  2.88096  2.84562  2.77267  3.08508  4.75234  3.21606   4369 l - - -
          2.62976  4.47718  2.77691  2.72627  3.43632  2.45260  3.74686  3.23721  2.71852  2.65362  4.22860  2.94006  2.72265  3.17860  2.87436  2.42288  2.78816  2.95805  4.55774  3.59278
          3.24236  0.04073  7.07978  3.83630  0.02181  1.53553  0.24251
     67   2.33802  5.49964  3.54927  2.24711  3.68050  3.18252  3.71037  2.88421  2.52607  2.02048  3.71163  3.50609  3.63108  3.04557  2.46935  2.90628  2.92050  3.16200  4.44365  3.52368   4819 l - - -
          2.68618  4.42225  2.77519  2.73123  3.46354  2.40513  3.72494  3.29354  2.67741  2.69355  4.24690  2.90347  2.73739  3.18146  2.89801  2.37887  2.77519  2.98518  4.58477  3.61503
          0.24899  7.24398  1.51549  0.61958  0.77255  1.53968  0.24137
     68   2.51096  5.09042  2.35638  2.27625  4.46535  2.96646  3.39945  3.79829  2.40988  3.18477  4.02896  2.87354  3.91268  2.54139  2.29866  2.50796  2.97059  3.77861  5.56869  3.42905   4820 e - - -
          2.68618  4.42225  2.77519  2.73123  3.46354  2.40513  3.72494  3.29354  2.67741  2.69355  4.24690  2.90347  2.73739  3.18146  2.89801  2.37887  2.77519  2.98518  4.58477  3.61503
          0.00955  6.99635  4.75669  0.61958  0.77255  2.13870  0.12535
     69   2.03320  4.33265  2.78789  2.75653  3.76625  2.80942  3.35785  3.42389  3.05534  2.08841  3.31325  3.40211  4.32676  2.91107  3.00516  2.69031  2.69686  2.90391  4.39360  3.92087   4821 a - - -
          2.68618  4.42225  2.77520  2.73122  3.46354  2.40513  3.72495  3.29354  2.67741  2.69355  4.24683  2.90347  2.73740  3.18147  2.89801  2.37887  2.77520  2.98514  4.58477  3.61503
          0.02188  6.04725  3.94859  0.50995  0.91760  1.68825  0.20437
     70   3.33058  4.85793  4.59184  4.82639  2.27971  4.94855  3.81531  2.21379  4.70288  1.42563  3.29229  4.83571  4.42555  4.41005  4.22354  3.71623  3.67305  2.08057  5.47186  1.68472   4823 l - - -
          2.68618  4.42225  2.77520  2.73123  3.46354  2.40513  3.72495  3.29354  2.67736  2.69355  4.24690  2.90347  2.73740  3.18146  2.89801  2.37887  2.77520  2.98518  4.58477  3.61503
          0.03804  6.26663  3.34031  0.53671  0.87868  1.99690  0.14590
     71   2.85086  4.88212  4.45494  3.00329  3.11335  3.59706  4.41038  2.21869  3.61835  1.23900  3.55778  3.56586  4.77292  3.57028  2.78946  3.31414  3.10138  2.28082  5.10674  3.92819   4825 l - - -
          2.68618  4.42225  2.77519  2.73123  3.46354  2.40513  3.72494  3.29354  2.67741  2.69355  4.24690  2.90347  2.73739  3.18146  2.89801  2.37887  2.77519  2.98518  4.58477  3.61503
          0.01880  7.02324  4.03226  0.61958  0.77255  2.21623  0.11543
     72   2.39234  6.33086  2.01603  2.14884  5.57836  3.50732  3.52368  3.94327  2.03575  3.81406  4.63482  2.70475  4.00252  2.54313  2.34914  2.55927  3.00038  4.15978  6.44987  4.77080   4826 d - - -
          2.68563  4.42257  2.77552  2.73064  3.46386  2.40519  3.72516  3.29258  2.67734  2.69352  4.24722  2.90379  2.73772  3.18174  2.89777  2.37919  2.77514  2.98503  4.58509  3.61535
          0.08980  4.53069  2.58876  2.02879  0.14098  1.65160  0.21287
     73   1.50076  5.08791  3.37348  2.65160  3.90717  4.11205  4.39999  2.76248  3.55969  1.63431  2.81693  3.70224  4.16873  3.60828  3.08366  3.25695  2.95464  2.93907  5.48461  4.58972   4840 a - - -
          2.68553  4.42295  2.77536  2.73017  3.46393  2.40565  3.72557  3.29293  2.67758  2.69325  4.24644  2.90375  2.73772  3.18119  2.89807  2.37929  2.77549  2.98530  4.58462  3.61377
          0.12189  2.35890  3.90065  0.89606  0.52454  1.61468  0.22184
     74   3.10490  4.94499  5.37351  4.51972  2.91887  3.75091  4.72172  0.94945  5.02296  1.64809  2.74965  5.42623  5.50683  5.22331  3.91718  4.05495  3.67658  2.35365  4.33699  4.44509   4846 i - - -
          2.68618  4.42225  2.77519  2.73123  3.46354  2.40513  3.72494  3.29354  2.67741  2.69355  4.24690  2.90347  2.73739  3.18146  2.89801  2.37887  2.77519  2.98518  4.58477  3.61503
          0.03132  7.02624  3.50820  0.61958  0.77255  1.20097  0.35796
     75   2.30716  5.34304  2.48558  2.44261  4.36722  2.58835  3.25582  3.76997  2.48428  3.22087  4.48437  2.51414  4.32383  2.78625  2.29146  2.37770  3.10137  3.74907  6.25940  3.84968   4847 r - - -
          2.68598  4.42278  2.77459  2.73034  3.46387  2.40504  3.72445  3.29391  2.67756  2.69386  4.24743  2.90340  2.73767  3.18166  2.89812  2.37895  2.77555  2.98539  4.58505  3.61455
          0.17649  2.27476  2.83076  0.46014  0.99748  1.72942  0.19527
     76   2.34196  4.86120  3.19320  2.37380  5.14484  2.88766  3.32093  4.21462  2.69353  2.84357  4.64535  2.17704  4.56755  2.44125  2.55080  2.01073  2.85347  3.69333  6.85938  4.86000   4850 s - - -
          2.68600  4.42232  2.77520  2.73119  3.46361  2.40516  3.72487  3.29361  2.67738  2.69362  4.24697  2.90351  2.73735  3.18146  2.89806  2.37885  2.77515  2.98521  4.58484  3.61510
          0.02872  4.73442  3.93598  0.90422  0.51895  1.25223  0.33669
     77   0.53281  5.11912  3.95195  3.53009  4.91481  3.47219  4.85355  4.01794  3.79682  3.24953  5.12836  3.86937  3.78257  3.87682  4.09906  2.81313  2.97214  3.56046  6.51728  5.26762   4858 A - - -
          2.68592  4.42234  2.77529  2.73096  3.46363  2.40522  3.72504  3.29363  2.67716  2.69329  4.24699  2.90356  2.73749  3.18156  2.89810  2.37896  2.77529  2.98528  4.58486  3.61512
          0.03416  4.84559  3.66054  1.14857  0.38139  1.57415  0.23216
     78   2.82041  5.48423  3.41564  2.28164  4.71793  3.52197  3.89437  3.79747  1.71710  3.52625  4.79853  3.45298  3.97972  2.03055  1.75356  3.00250  2.78630  3.61942  6.06145  4.88062   4863 k - - -
          2.68626  4.42259  2.77521  2.73054  3.46358  2.40534  3.72516  3.29327  2.67773  2.69334  4.24673  2.90359  2.73721  3.18100  2.89802  2.37908  2.77520  2.98526  4.58511  3.61537
          0.09510  3.15488  3.03498  0.85944  0.55061  1.35362  0.29882
     79   3.21177  6.07965  2.40929  2.23791  4.29210  3.40649  2.48604  4.30247  2.01245  3.45494  5.09949  3.05930  4.43647  2.52021  1.90391  2.44134  3.14012  4.16459  6.33846  4.59551   4868 r - - -
          2.68493  4.42408  2.77434  2.73056  3.46426  2.40554  3.72582  3.29246  2.67827  2.69355  4.24670  2.90412  2.73664  3.18093  2.89829  2.38027  2.77493  2.98356  4.58533  3.61666
          0.18358  2.03834  3.28418  1.59851  0.22589  1.62555  0.21916
     80   3.05458  4.68773  3.36805  2.13776  3.15605  3.78025  3.32134  4.30944  2.74680  3.09485  4.32870  3.10967  4.82062  2.85081  2.03395  1.79335  2.95703  3.91244  5.44409  2.66302   4890 s - - -
          2.68618  4.42225  2.77520  2.73123  3.46354  2.40513  3.72495  3.29354  2.67741  2.69355  4.24690  2.90347  2.73740  3.18146  2.89796  2.37887  2.77520  2.98518  4.58477  3.61503
          0.03932  6.40454  3.29944  0.54725  0.86403  1.79824  0.18103
     81   3.21530  5.26134  4.40964  3.52822  3.75934  4.15321  4.98930  1.15498  3.97748  1.58297  4.20459  4.19117  4.56445  4.01891  3.71120  3.84255  3.96373  1.62548  6.35975  5.06724   4892 i - - -
          2.68618  4.42225  2.77519  2.73123  3.46354  2.40513  3.72494  3.29354  2.67741  2.69355  4.24690  2.90347  2.73739  3.18146  2.89801  2.37887  2.77519  2.98518  4.58477  3.61503
          0.02756  7.07917  3.63663  0.61958  0.77255  1.91088  0.16011
     82   3.02832  5.06505  2.81295  3.11580  3.17721  4.23018  3.82685  2.68330  3.29457  2.05275  4.07954  3.57658  4.62940  3.21492  2.90249  3.28240  3.07135  2.68444  2.88068  1.76525   4893 y - - -
          2.68618  4.42225  2.77519  2.73123  3.46354  2.40513  3.72494  3.29354  2.67741  2.69355  4.24690  2.90347  2.73739  3.18146  2.89801  2.37887  2.77519  2.98518  4.58477  3.61503
          0.01457  7.07170  4.29674  0.61958  0.77255  1.57671  0.23150
     83   3.11541  3.89674  4.29783  4.33258  2.73033  4.55888  5.35337  1.01760  4.92438  1.62362  2.85026  4.76465  5.16262  4.52697  4.93341  4.19841  3.52695  2.23168  5.69317  4.07138   4894 i - - -
          2.68618  4.42225  2.77520  2.73124  3.46354  2.40513  3.72495  3.29347  2.67741  2.69355  4.24690  2.90347  2.73740  3.18147  2.89801  2.37887  2.77520  2.98512  4.58477  3.61503
          0.02198  5.96452  3.95429  0.48447  0.95718  1.52800  0.24458
     84   2.14519  3.03968  4.48843  1.87848  3.78481  3.62037  4.36146  2.30347  3.86523  2.72238  3.07805  4.50000  4.80633  2.70684  3.81888  2.93933  2.72252  2.25602  4.27890  3.47571   4896 e - - -
          2.68620  4.42227  2.77521  2.73125  3.46356  2.40508  3.72496  3.29356  2.67742  2.69357  4.24691  2.90348  2.73741  3.18148  2.89791  2.37882  2.77521  2.98520  4.58479  3.61505
          0.01618  5.93286  4.31291  0.78245  0.61117  1.42430  0.27533
     85   2.84779  4.70185  3.02380  3.23805  4.59047  3.42727  3.61510  3.56069  3.34918  3.68471  3.33485  1.99274  4.74175  3.11287  3.48513  1.59434  1.76436  3.18139  6.61854  4.27379   4900 s - - -
          2.68618  4.42225  2.77519  2.73123  3.46354  2.40513  3.72494  3.29354  2.67741  2.69355  4.24690  2.90347  2.73739  3.18146  2.89801  2.37887  2.77519  2.98518  4.58477  3.61503
          0.12820  7.13868  2.12423  0.61958  0.77255  1.94318  0.15461
     86   2.15416  6.60706  3.37730  3.32353  2.80574  3.80224  4.69680  3.45666  3.35622  3.44827  4.00692  3.35007  1.43423  1.86498  4.09094  3.06304  3.38900  3.95018  6.13696  2.85981   4901 p - - -
          2.68618  4.42225  2.77519  2.73123  3.46354  2.40513  3.72494  3.29354  2.67741  2.69355  4.24690  2.90347  2.73739  3.18146  2.89801  2.37887  2.77519  2.98518  4.58477  3.61503
          0.05437  7.02086  2.95598  0.61958  0.77255  2.06773  0.13521
     87   3.05498  5.67392  3.11898  3.49439  2.22357  3.54665  4.55975  3.49872  3.75630  2.94725  4.29702  3.88621  4.47780  3.88858  3.82576  2.99428  3.40527  3.58315  4.41156  0.89083   4902 y - - -
          2.68618  4.42225  2.77519  2.73123  3.46354  2.40513  3.72494  3.29354  2.67741  2.69355  4.24690  2.90347  2.73739  3.18146  2.89801  2.37887  2.77519  2.98518  4.58477  3.61503
          0.02607  6.98891  3.69660  0.61958  0.77255  2.39284  0.09582
     88   3.43116  5.34264  5.19554  4.59518  0.96346  4.57257  5.72374  2.72559  3.91353  1.45546  3.92452  4.97255  3.59716  4.11377  3.92559  3.50629  3.56766  2.89769  5.51443  3.66031   4903 f - - -
          2.68618  4.42225  2.77519  2.73123  3.46354  2.40513  3.72494  3.29354  2.67741  2.69355  4.24690  2.90347  2.73739  3.18146  2.89801  2.37887  2.77519  2.98518  4.58477  3.61503
          0.03599  6.97317  3.36939  0.61958  0.77255  2.26508  0.10962
     89   2.42226  4.98856  3.44806  3.01915  3.70870  2.95779  3.66880  2.34425  3.06428  3.36029  4.78793  2.91067  3.39125  3.18908  2.81920  2.40613  2.42107  2.01501  3.96661  4.13603   4904 v - - -
          2.68574  4.42239  2.77478  2.73132  3.46374  2.40536  3.72476  3.29383  2.67734  2.69368  4.24712  2.90367  2.73754  3.18151  2.89710  2.37902  2.77539  2.98513  4.58509  3.61531
          0.19049  2.56866  2.33503  0.38171  1.14789  1.47398  0.26008
     90   2.66578  4.66075  2.97366  3.34143  3.47661  3.58355  4.02722  3.60844  3.45758  2.63509  3.15062  3.39009  1.47311  3.56729  3.59973  2.28121  3.71915  3.39968  2.69927  3.23632   4907 p - - -
          2.67853  4.42841  2.77208  2.73000  3.46429  2.40972  3.72896  3.28452  2.68231  2.68799  4.23471  2.90953  2.73764  3.18287  2.89096  2.38619  2.77811  2.97912  4.58832  3.62024
          2.31459  0.13057  3.74657  1.74345  0.19227  2.68815  0.07043
     91   2.52600  5.92188  2.09003  2.16272  3.65088  3.19213  3.59641  4.31462  2.21831  3.00058  3.97238  3.06377  3.57016  2.85505  2.27868  2.84234  2.83161  4.04664  6.02617  3.84055   4946 d - - -
          2.68618  4.42225  2.77519  2.73123  3.46354  2.40513  3.72494  3.29354  2.67741  2.69355  4.24690  2.90347  2.73739  3.18146  2.89801  2.37887  2.77519  2.98518  4.58477  3.61503
          0.25854  6.92182  1.48351  0.61958  0.77255  2.45989  0.08932
     92   0.97637  5.83628  3.36213  2.45699  4.52632  3.35578  3.84932  3.65191  2.85713  3.13923  4.31345  3.50247  4.58234  3.22925  2.68221  2.97495  3.30384  3.23387  5.49368  4.31916   4947 a - - -
          2.68618  4.42225  2.77519  2.73123  3.46354  2.40513  3.72494  3.29354  2.67741  2.69355  4.24690  2.90347  2.73739  3.18146  2.89801  2.37887  2.77519  2.98518  4.58477  3.61503
          0.06361  6.68327  2.80721  0.61958  0.77255  1.99167  0.14672
     93   2.98791  4.63413  5.11664  3.74634  2.98159  4.61329  5.12467  1.85986  4.76286  0.74601  3.17608  4.80052  5.06299  4.57547  4.26858  3.99138  4.06243  2.80942  4.09147  4.42416   4948 l - - -
          2.68618  4.42225  2.77519  2.73123  3.46354  2.40513  3.72494  3.29354  2.67741  2.69355  4.24690  2.90347  2.73739  3.18146  2.89801  2.37887  2.77519  2.98518  4.58477  3.61503
          0.02207  6.71182  3.88202  0.61958  0.77255  1.97196  0.14987
     94   2.15451  3.82134  3.80338  2.85087  4.33087  3.29146  4.25632  2.38169  2.33103  2.33157  3.76481  3.60714  4.86657  3.10648  2.19220  3.01277  2.58861  2.64014  6.40593  3.95931   4949 a - - -
          2.68618  4.42225  2.77519  2.73123  3.46354  2.40513  3.72494  3.29354  2.67741  2.69355  4.24690  2.90347  2.73739  3.18146  2.89801  2.37887  2.77519  2.98518  4.58477  3.61503
          0.06057  6.77493  2.85371  0.61958  0.77255  2.25685  0.11057
     95   1.99556  6.37732  2.29402  2.39866  4.68049  3.45941  4.06302  3.50854  2.40645  3.10695  4.46452  2.92883  4.66809  2.30980  2.36730  2.70910  2.53974  3.82270  5.65298  4.63597   4950 a - - -
          2.68618  4.42225  2.77519  2.73123  3.46354  2.40513  3.72494  3.29354  2.67741  2.69355  4.24690  2.90347  2.73739  3.18146  2.89801  2.37887  2.77519  2.98518  4.58477  3.61503
          0.01735  6.76236  4.13239  0.61958  0.77255  0.57011  0.83348
     96   1.25727  5.27536  2.97559  3.08705  4.20005  3.55785  3.84492  3.45955  2.94108  2.53927  4.03920  3.35289  3.73316  3.13287  2.20384  2.68302  3.35097  3.54224  4.99137  4.12854   4951 a - - -
          2.66940  4.42440  2.77684  2.72869  3.46388  2.41473  3.72622  3.27682  2.67600  2.68159  4.23735  2.91191  2.74991  3.17820  2.88751  2.39129  2.78272  2.98049  4.58369  3.61683
          2.88530  0.08156  3.79510  2.23550  0.11310  2.32336  0.10308
     97   2.49415  5.48166  2.80338  3.00437  4.90115  2.96466  3.84172  4.03268  2.75817  3.18096  4.79100  3.21619  2.72361  3.09318  1.34764  2.60747  3.16452  2.85969  6.21965  5.21178   5088 r - - -
          2.68618  4.42225  2.77519  2.73123  3.46354  2.40513  3.72494  3.29354  2.67741  2.69355  4.24690  2.90347  2.73739  3.18146  2.89801  2.37887  2.77519  2.98518  4.58477  3.61503
          0.43355  7.06773  1.04713  0.61958  0.77255  2.42628  0.09252
     98   3.38294  5.74760  2.80512  2.48774  5.73149  0.73606  4.56741  4.92116  3.06776  3.90862  5.42655  3.25311  3.35357  3.28593  3.38321  3.25118  3.30507  3.94055  6.23461  5.02434   5089 g - - -
          2.68618  4.42225  2.77519  2.73123  3.46354  2.40513  3.72494  3.29354  2.67741  2.69355  4.24690  2.90347  2.73739  3.18146  2.89801  2.37887  2.77519  2.98518  4.58477  3.61503
          0.01403  6.63678  4.37248  0.61958  0.77255  2.13809  0.12543
     99   3.08647  4.84272  5.10170  4.51869  3.92051  4.67167  4.95317  2.29058  3.99338  1.79091  4.17323  3.37252  2.90175  4.71793  3.81768  4.25517  3.95585  0.85956  6.02576  4.41320   5090 v - - -
          2.68817  4.42510  2.77038  2.73015  3.46397  2.40815  3.72670  3.28998  2.67805  2.69523  4.24904  2.90566  2.74005  3.18270  2.89668  2.38131  2.77750  2.96694  4.58754  3.61793
          1.25717  0.34683  4.75397  0.68678  0.69956  1.27166  0.32901
    100   3.10977  5.72271  3.13694  2.86191  3.38741  4.49795  2.91025  3.48410  2.52680  3.10795  4.50186  3.18346  5.25897  2.91395  1.39673  3.14563  2.79765  2.74599  4.74553  2.80347   5093 r - - -
          2.68618  4.42225  2.77519  2.73123  3.46354  2.40513  3.72494  3.29354  2.67741  2.69355  4.24690  2.90347  2.73739  3.18146  2.89801  2.37887  2.77519  2.98518  4.58477  3.61503
          0.00945  6.88798  4.78110  0.61958  0.77255  2.61628  0.07588
    101   3.39516  4.41280  4.51485  4.60435  3.62315  4.58587  5.31519  1.28812  5.12943  1.34669  3.41986  5.17892  5.27602  3.83296  4.47617  4.06040  4.10612  1.53835  4.65915  4.17588   5094 i - - -
          2.68618  4.42225  2.77519  2.73123  3.46354  2.40513  3.72494  3.29354  2.67741  2.69355  4.24690  2.90347  2.73739  3.18146  2.89801  2.37887  2.77519  2.98518  4.58477  3.61503
          0.00151  6.88923  7.61157  0.61958  0.77255  0.18742  1.76663
    102   2.98344  4.52686  4.08015  3.33727  2.75627  3.89575  4.37122  1.96548  4.09380  1.64262  2.95731  4.15070  2.67606  3.41447  4.09894  2.92295  3.42990  2.16535  5.93770  2.99860   5095 l - - -
          2.63759  4.51037  2.77376  2.71752  3.44726  2.46267  3.75070  3.20645  2.69500  2.61380  4.21866  2.92837  2.79601  3.18066  2.86037  2.44397  2.81200  2.94994  4.53714  3.53498
          3.78941  0.02570  5.89210  4.00182  0.01845  1.38117  0.28939
    103   2.81217  5.51341  2.85697  2.60449  4.12675  2.20357  3.65646  3.43638  2.50825  2.92105  4.45662  3.28130  2.62779  3.12084  2.61498  2.71673  2.66470  3.17303  3.30892  3.44755   5628 g - - -
          2.68618  4.42225  2.77519  2.73123  3.46354  2.40513  3.72494  3.29354  2.67741  2.69355  4.24690  2.90347  2.73739  3.18146  2.89801  2.37887  2.77519  2.98518  4.58477  3.61503
          0.54690  7.26235  0.86617  0.61958  0.77255  1.40743  0.28073
    104   2.46732  4.91837  3.00761  2.42574  3.79913  2.93689  3.49966  3.97791  2.46618  2.90941  4.13256  2.87901  2.67569  2.91278  2.52976  2.46700  2.77737  2.90264  4.49742  4.00992   5629 e - - -
          2.68618  4.42225  2.77518  2.73123  3.46354  2.40513  3.72494  3.29354  2.67741  2.69355  4.24690  2.90347  2.73739  3.18146  2.89801  2.37887  2.77519  2.98518  4.58477  3.61503
          0.02104  6.43052  3.95258  0.59330  0.80408  0.68391  0.70247
    105   2.50861  3.78081  3.00960  2.95349  3.85430  1.87580  3.70520  3.78585  3.05658  3.71400  4.41844  2.72048  2.35888  2.83082  2.42479  2.68830  3.12733  3.54865  5.69491  3.28688   5631 g - - -
          2.68620  4.42227  2.77520  2.73124  3.46352  2.40514  3.72487  3.29355  2.67742  2.69357  4.24692  2.90345  2.73741  3.18148  2.89802  2.37887  2.77520  2.98518  4.58479  3.61474
          0.28715  5.28550  1.40838  0.53076  0.88711  1.44955  0.26746
    106   2.37694  4.78201  3.02655  3.08949  3.65718  2.87801  4.03733  2.23115  2.94950  2.62430  4.23807  3.48917  2.75494  2.98011  2.83423  2.77168  2.86336  2.47884  4.19623  3.31950   5634 i - - -
          2.68618  4.42225  2.77515  2.73124  3.46354  2.40513  3.72495  3.29354  2.67741  2.69355  4.24690  2.90347  2.73740  3.18147  2.89801  2.37887  2.77515  2.98519  4.58477  3.61503
          0.06002  5.70127  2.90201  0.48404  0.95787  0.69804  0.68828
    107   3.12719  5.28216  3.78903  3.68165  2.25776  3.15682  3.44835  2.72168  3.09322  2.62846  3.17823  3.17978  3.70958  3.74852  2.87347  2.22889  3.07936  2.84595  5.27159  1.99233   5636 y - - -
          2.68618  4.42225  2.77519  2.73123  3.46354  2.40513  3.72494  3.29354  2.67741  2.69355  4.24690  2.90347  2.73739  3.18146  2.89801  2.37887  2.77519  2.98518  4.58477  3.61503
          0.00746  7.05576  5.02488  0.61958  0.77255  0.94670  0.49105
    108   3.26393  3.94333  4.26054  3.92361  3.34314  3.80886  4.14560  1.99545  3.83037  1.43500  2.82071  3.61418  4.15104  3.66011  4.04075  3.42159  3.08172  1.89680  5.24242  2.81424   5637 l - - -
          2.68697  4.41931  2.77374  2.73194  3.46312  2.40614  3.72503  3.29275  2.67712  2.69098  4.24312  2.90189  2.73839  3.18232  2.89867  2.37959  2.77610  2.98574  4.58607  3.61532
          0.29231  1.42660  4.31704  1.13450  0.38799  1.89682  0.16257
    109   3.49193  5.89210  3.90945  3.59691  5.12958  3.66540  0.38469  4.27227  3.58490  4.37092  4.63512  3.71740  4.44219  4.16691  3.93721  3.72310  3.61670  4.66784  7.16919  4.52228   5643 H - - -
          2.68618  4.42225  2.77519  2.73123  3.46354  2.40513  3.72494  3.29354  2.67741  2.69355  4.24690  2.90347  2.73739  3.18146  2.89801  2.37887  2.77519  2.98518  4.58477  3.61503
          0.02076  7.14577  3.92412  0.61958  0.77255  2.14169  0.12495
    110   1.33139  5.01253  2.69304  3.22754  4.32419  3.17009  3.21516  4.53978  3.39880  3.26221  4.52845  2.89165  4.77274  3.62132  3.11321  1.72597  2.46066  3.82631  6.11263  4.52866   5644 a - - -
          2.68618  4.42225  2.77519  2.73123  3.46354  2.40513  3.72494  3.29354  2.67741  2.69355  4.24690  2.90347  2.73739  3.18146  2.89801  2.37887  2.77519  2.98518  4.58477  3.61503
          0.03093  7.12763  3.51828  0.61958  0.77255  2.15551  0.12312
    111   3.37605  5.98880  4.02346  3.69805  4.14783  4.34347  4.50977  4.40736  0.36663  4.21327  5.55566  4.10260  4.92017  4.24537  3.02705  3.49581  3.90991  4.68735  5.11509  5.35083   5645 K - - -
          2.68618  4.42225  2.77519  2.73123  3.46354  2.40513  3.72494  3.29354  2.67741  2.69355  4.24690  2.90347  2.73739  3.18146  2.89801  2.37887  2.77519  2.98518  4.58477  3.61503
          0.01473  7.10055  4.28326  0.61958  0.77255  1.77513  0.18568
    112   2.60810  3.39498  5.31083  3.93123  2.25623  3.15731  4.64979  2.32090  4.08415  1.80922  3.09380  4.70801  4.77001  4.54441  4.71924  2.78872  2.33643  1.93323  5.29182  3.16276   5646 l - - -
          2.68618  4.42225  2.77519  2.73123  3.46354  2.40513  3.72494  3.29354  2.67741  2.69355  4.24690  2.90347  2.73739  3.18146  2.89801  2.37887  2.77519  2.98518  4.58477  3.61503
          0.00899  7.10955  4.81216  0.61958  0.77255  1.61852  0.22089
    113   2.31603  3.45566  4.73769  4.12537  2.67619  4.32345  5.40475  1.94484  4.56003  1.79715  1.85890  4.63663  5.95992  4.40971  4.12322  3.73936  3.36820  2.13804  5.22866  2.79519   5647 l - - -
          2.68572  4.42077  2.77585  2.73115  3.46438  2.40602  3.72500  3.28986  2.67768  2.69300  4.24695  2.90408  2.73780  3.18123  2.89833  2.37945  2.77545  2.98332  4.58444  3.61571
          0.19405  1.88824  3.68712  0.80761  0.59045  1.90532  0.16108
    114   2.46181  4.44072  4.73165  4.45583  3.55716  3.79857  5.01448  1.40575  4.99328  1.83862  3.57933  4.95982  5.10879  4.50175  4.31794  3.33803  3.08989  1.44412  4.19654  4.10096   5658 i - - -
          2.68618  4.42225  2.77516  2.73123  3.46354  2.40513  3.72495  3.29354  2.67741  2.69355  4.24690  2.90347  2.73740  3.18146  2.89801  2.37887  2.77520  2.98518  4.58477  3.61503
          0.14566  6.58786  2.00865  0.56706  0.83746  1.31705  0.31187
    115   2.52149  3.81505  4.95669  4.41673  2.93864  4.62780  5.17555  1.32645  4.42275  2.38515  3.67081  3.30552  5.42575  5.07873  4.11039  3.38497  3.38456  1.34851  4.12720  4.83350   5660 i - - -
          2.68616  4.42249  2.77512  2.73138  3.46369  2.40517  3.72518  3.29255  2.67757  2.69366  4.24715  2.90389  2.73752  3.18068  2.89733  2.37895  2.77545  2.98540  4.58443  3.61502
          0.07742  3.02730  3.64749  1.11138  0.39914  0.99537  0.46138
    116   3.46040  6.01698  0.42209  2.74994  5.97089  3.58886  4.99074  5.38662  3.44320  4.73379  4.77018  3.62121  4.55884  3.71753  3.41165  3.49180  4.07645  4.79808  6.99502  5.36830   5665 D - - -
          2.68609  4.42264  2.77546  2.73112  3.46362  2.40474  3.72499  3.29328  2.67760  2.69301  4.24630  2.90379  2.73737  3.18146  2.89815  2.37907  2.77538  2.98527  4.58516  3.61505
          0.22441  3.55530  1.75772  1.33367  0.30586  1.60089  0.22529
    117   3.09933  5.48442  1.31508  2.72070  4.13776  1.98840  3.59712  4.84230  2.94563  3.69766  4.82168  2.71323  2.66034  3.13443  2.81978  3.09840  3.70681  4.28305  5.97267  4.04531   5674 d - - -
          2.68618  4.42225  2.77519  2.73123  3.46354  2.40513  3.72494  3.29354  2.67741  2.69355  4.24690  2.90347  2.73739  3.18146  2.89801  2.37887  2.77519  2.98518  4.58477  3.61503
          0.02792  6.95477  3.62753  0.61958  0.77255  0.55650  0.85146
    118   2.86897  5.01388  2.31914  2.23485  4.00371  2.81015  3.40184  4.11297  2.36818  3.27450  4.76476  2.96837  5.05184  2.63861  1.94613  2.65001  3.12104  2.80564  5.87021  4.34419   5675 r - - -
          2.67679  4.42624  2.77528  2.73041  3.46720  2.40557  3.72074  3.29683  2.68057  2.69430  4.24434  2.90538  2.73788  3.18302  2.89401  2.38150  2.77475  2.98702  4.57853  3.61548
          0.57118  0.87261  4.05834  1.74808  0.19129  1.49726  0.25327
    119   2.64365  4.40982  4.43957  3.51196  2.58405  3.97648  4.00877  2.11526  3.00222  2.17616  3.40029  4.04619  3.64966  3.55033  3.10360  3.48004  2.71351  2.18594  2.61048  3.08926   5757 i - - -
          2.68618  4.42225  2.77519  2.73123  3.46354  2.40513  3.72494  3.29354  2.67741  2.69355  4.24690  2.90347  2.73739  3.18146  2.89801  2.37887  2.77519  2.98518  4.58477  3.61503
          0.06535  7.16103  2.77289  0.61958  0.77255  1.54232  0.24065
    120   1.61775  3.03369  5.22531  4.63295  3.22312  3.43951  4.64749  2.63069  4.30824  1.73771  3.76773  4.83525  5.42342  4.77636  4.40944  2.60075  3.09682  1.67608  5.52855  3.54155   5758 a - - -
          2.68618  4.42225  2.77519  2.73123  3.46354  2.40513  3.72494  3.29354  2.67741  2.69355  4.24690  2.90347  2.73739  3.18146  2.89801  2.37887  2.77519  2.98518  4.58477  3.61503
          0.03336  7.11831  3.44214  0.61958  0.77255  1.50741  0.25037
    121   3.01498  4.28945  4.91684  3.94306  2.56270  4.04179  3.97315  1.78699  4.40407  1.92034  3.51926  4.04729  5.58680  4.45078  3.20083  2.96776  2.28587  1.97429  3.77323  2.94452   5759 i - - -
          2.68613  4.42232  2.77527  2.73130  3.46361  2.40520  3.72502  3.29361  2.67748  2.69353  4.24697  2.90330  2.73737  3.18153  2.89808  2.37894  2.77527  2.98489  4.58484  3.61437
          0.01546  5.03443  4.72949  1.18915  0.36310  1.93411  0.15613
    122   3.35509  3.77402  5.70435  4.40945  3.50316  4.07441  3.86724  1.45278  5.06790  2.15457  3.49847  3.96755  5.16794  4.88716  4.71339  3.59249  2.06709  1.34934  5.20628  4.41462   5764 v - - -
          2.68618  4.42225  2.77519  2.73123  3.46354  2.40513  3.72494  3.29354  2.67741  2.69355  4.24690  2.90347  2.73739  3.18146  2.89801  2.37887  2.77519  2.98518  4.58477  3.61503
          0.02784  7.12020  3.62508  0.61958  0.77255  1.73194  0.19473
    123   3.55150  6.39752  4.04295  3.80689  4.04749  0.39798  5.20074  5.01873  3.85592  4.44862  4.54501  4.25896  4.64924  4.17646  3.68807  2.80580  3.11626  4.58093  6.21413  5.50989   5765 G - - -
          2.68450  4.42314  2.77520  2.73175  3.46386  2.40570  3.72522  3.29369  2.67755  2.69312  4.24408  2.90415  2.73808  3.17997  2.89751  2.37918  2.77527  2.98520  4.58566  3.61568
          0.08031  3.20008  3.31283  1.79526  0.18162  1.17537  0.36919
    124   2.86160  6.49937  4.07976  3.51629  5.93578  3.61065  5.15509  4.57649  3.48593  3.91790  4.78003  3.76979  4.24010  4.12986  4.05450  0.54312  2.19599  3.94878  7.19080  4.96940   5795 S - - -
          2.68479  4.42175  2.77664  2.73134  3.45913  2.40818  3.72384  3.28920  2.67552  2.69158  4.24512  2.90688  2.74093  3.18128  2.89855  2.37990  2.77496  2.98400  4.58801  3.60946
          0.15810  1.99125  4.63443  2.70044  0.06954  1.57945  0.23078
    125   1.42120  4.76391  3.70056  3.50314  2.42738  4.01100  3.09002  3.20159  3.57258  2.52832  2.91914  3.65535  3.99931  3.89020  4.46109  2.26333  2.97248  3.03733  6.84585  2.80650   5835 a - - -
          2.68618  4.42225  2.77519  2.73123  3.46354  2.40513  3.72494  3.29354  2.67741  2.69355  4.24690  2.90347  2.73739  3.18146  2.89801  2.37887  2.77519  2.98518  4.58477  3.61503
          0.04114  7.15017  3.23096  0.61958  0.77255  2.15453  0.12325
    126   3.68629  6.77418  3.69777  3.50573  5.66436  3.50528  4.75433  4.71620  3.43805  4.79827  5.81486  0.36826  4.15881  3.59718  3.83085  3.47553  3.98968  4.65840  7.20690  4.79934   5836 N - - -
          2.68618  4.42225  2.77519  2.73123  3.46354  2.40513  3.72494  3.29354  2.67741  2.69355  4.24690  2.90347  2.73739  3.18146  2.89801  2.37887  2.77519  2.98518  4.58477  3.61503
          0.01034  7.11050  4.66003  0.61958  0.77255  2.12738  0.12687
    127   3.59456  4.59221  4.82956  4.37801  1.64640  4.84558  4.86846  2.41122  4.59247  1.18172  2.62041  5.13658  4.57708  4.00241  5.09056  4.34834  4.23306  2.99654  2.29167  3.34881   5837 l - - -
          2.68618  4.42225  2.77519  2.73123  3.46354  2.40513  3.72494  3.29354  2.67741  2.69355  4.24690  2.90347  2.73739  3.18146  2.89801  2.37887  2.77519  2.98518  4.58477  3.61503
          0.01436  7.10781  4.30957  0.61958  0.77255  1.61452  0.22188
    128   2.95689  5.18206  1.46434  3.60429  4.24292  3.50461  4.19999  4.04179  3.45170  3.02988  4.58337  1.90797  4.98894  3.99326  3.92431  2.03008  2.03576  3.81189  7.17352  3.25505   5838 d - - -
          2.68540  4.42403  2.77432  2.73217  3.46427  2.40584  3.72619  3.28902  2.67832  2.69139  4.24649  2.90397  2.73893  3.18287  2.89858  2.37962  2.77473  2.98393  4.58621  3.61336
          0.18552  2.37813  2.56908  1.78305  0.18407  2.23427  0.11325
    129   2.61741  6.13291  2.74123  2.69737  3.31568  2.95199  3.87665  3.78170  2.91004  3.29515  3.09041  2.31917  2.19436  3.40850  2.64913  2.65738  3.00661  3.46239  4.65446  2.99890   5851 p - - -
          2.68618  4.42225  2.77519  2.73123  3.46354  2.40513  3.72494  3.29354  2.67741  2.69355  4.24690  2.90347  2.73739  3.18146  2.89801  2.37887  2.77519  2.98518  4.58477  3.61503
          0.06646  7.05028  2.75778  0.61958  0.77255  1.61590  0.22153
    130   2.58017  6.21261  3.61101  3.55757  3.51857  3.23308  4.14186  4.52006  3.03722  3.22645  4.76950  3.04881  3.60201  3.40583  0.90095  2.50860  3.22326  4.33359  4.72161  4.05033   5852 r - - -
          2.68618  4.42225  2.77519  2.73123  3.46354  2.40513  3.72494  3.29354  2.67741  2.69355  4.24690  2.90347  2.73739  3.18146  2.89801  2.37887  2.77519  2.98518  4.58477  3.61503
          0.00504  7.02831  5.48745  0.61958  0.77255  1.76444  0.18788
    131   1.92803  6.47063  3.51443  3.22200  4.71388  2.40968  4.90753  4.17866  3.84036  3.98962  5.32444  3.26887  4.53596  3.83501  4.13773  0.78214  3.53572  4.05461  4.83097  3.97497   5853 s - - -
          2.68618  4.42225  2.77519  2.73123  3.46354  2.40513  3.72494  3.29354  2.67741  2.69355  4.24690  2.90347  2.73739  3.18146  2.89801  2.37887  2.77519  2.98518  4.58477  3.61503
          0.08626  7.06079  2.50359  0.61958  0.77255  2.09634  0.13114
    132   2.44432  5.88914  3.51131  2.74190  2.00079  3.62481  4.35809  3.71668  3.57664  1.67696  2.37596  3.29546  5.15149  3.22230  3.43215  2.97993  2.90559  3.35132  3.29099  4.10351   5854 l - - -
          2.68618  4.42225  2.77519  2.73123  3.46354  2.40513  3.72494  3.29354  2.67741  2.69355  4.24690  2.90347  2.73739  3.18146  2.89801  2.37887  2.77519  2.98518  4.58477  3.61503
          0.05713  6.99068  2.90758  0.61958  0.77255  2.42614  0.09253
    133   2.49694  5.44717  2.96841  2.68947  3.14157  2.52607  3.33716  3.69080  2.86939  2.69509  4.27063  2.83886  4.90138  3.05935  2.34751  2.48852  2.79724  3.38373  4.67004  2.57210   5855 r - - -
          2.68618  4.42225  2.77519  2.73123  3.46354  2.40513  3.72494  3.29354  2.67741  2.69355  4.24690  2.90347  2.73739  3.18146  2.89801  2.37887  2.77519  2.98518  4.58477  3.61503
          0.03792  6.94424  3.31747  0.61958  0.77255  1.44303  0.26946
    134   2.76234  5.56634  3.00203  3.01041  3.18938  3.15369  3.05643  3.24446  3.15770  1.42290  3.98520  2.61389  3.93248  3.09861  3.00806  2.92343  3.28666  3.47518  3.85515  3.46052   5856 l - - -
          2.68626  4.42379  2.77531  2.73183  3.46209  2.40563  3.72499  3.29280  2.67809  2.69256  4.24691  2.90176  2.73859  3.18259  2.89688  2.37927  2.77521  2.98587  4.58629  3.61194
          0.25500  1.64413  3.44516  1.27329  0.32838  1.47496  0.25979
    135   3.29740  6.09548  1.70165  3.01216  4.56283  3.81953  3.46929  4.72495  3.35328  3.78374  5.31072  0.87369  4.39161  3.68914  3.17097  3.05297  3.60722  4.41237  5.63992  4.90569   5872 n - - -
          2.68596  4.42230  2.77525  2.73129  3.46359  2.40518  3.72500  3.29359  2.67746  2.69360  4.24695  2.90352  2.73745  3.18107  2.89772  2.37892  2.77525  2.98524  4.58482  3.61508
          0.07630  4.98955  2.70821  0.90895  0.51575  1.64190  0.21519
    136   2.82625  5.61511  2.33790  3.19407  2.47855  3.40958  3.58353  3.66948  3.00781  2.68968  4.06858  3.13476  4.73528  3.18920  2.45632  2.30152  1.94398  3.88842  6.23113  2.99436   5876 t - - -
          2.68596  4.42237  2.77527  2.73119  3.46366  2.40505  3.72497  3.29354  2.67747  2.69349  4.24685  2.90359  2.73747  3.18159  2.89769  2.37889  2.77523  2.98531  4.58489  3.61511
          0.02269  4.43775  4.54592  1.14144  0.38472  1.85407  0.17031
    137   3.35626  6.18039  2.80839  0.42773  5.66017  3.62194  3.99659  4.86536  3.50101  4.13261  5.52379  3.75492  4.92241  3.50855  3.77059  3.57660  3.98062  4.89600  7.14409  5.16651   5884 E - - -
          2.68618  4.42225  2.77519  2.73123  3.46354  2.40513  3.72494  3.29354  2.67741  2.69355  4.24690  2.90347  2.73739  3.18146  2.89801  2.37887  2.77519  2.98518  4.58477  3.61503
          0.02941  7.03337  3.57186  0.61958  0.77255  2.21419  0.11568
    138   2.36826  2.82241  3.72066  3.34417  3.33826  4.11848  4.41609  2.39723  4.04258  1.91210  2.74449  2.00962  5.02873  4.59413  4.68674  3.11856  2.90059  2.14441  4.88416  3.95624   5885 l - - -
          2.68618  4.42225  2.77519  2.73123  3.46354  2.40513  3.72494  3.29354  2.67741  2.69355  4.24690  2.90347  2.73739  3.18146  2.89801  2.37887  2.77519  2.98518  4.58477  3.61503
          0.38675  7.01857  1.13991  0.61958  0.77255  2.07468  0.13421
    139   2.43470  4.58601  2.53443  3.27972  4.75306  1.66248  5.00644  3.09308  3.68542  2.63229  3.10948  1.90771  4.24025  4.05045  4.15278  2.43450  3.03089  2.98931  6.31785  4.68169   5886 g - - -
          2.68620  4.42072  2.77522  2.73126  3.46356  2.40515  3.72497  3.29352  2.67743  2.69355  4.24692  2.90349  2.73739  3.18149  2.89803  2.37889  2.77522  2.98518  4.58479  3.61505
          0.02599  4.36589  4.34681  0.28482  1.39493  2.91015  0.05601
    140   2.31006  3.90557  4.90921  4.62521  3.06137  4.89090  4.93452  1.91472  4.26477  1.35513  3.49475  4.07244  5.43117  4.34143  4.92213  3.72902  3.17177  1.48696  6.04679  4.12837   5888 l - - -
          2.68618  4.42225  2.77519  2.73123  3.46354  2.40513  3.72494  3.29354  2.67741  2.69355  4.24690  2.90347  2.73739  3.18146  2.89801  2.37887  2.77519  2.98518  4.58477  3.61503
          0.01564  6.66386  4.25166  0.61958  0.77255  2.98691  0.05176
    141   2.39938  4.79223  4.61600  3.29952  2.16072  4.67175  4.95633  2.23897  3.63085  1.66993  3.60952  4.56307  3.75897  4.81471  3.46077  3.47920  3.44337  1.73700  3.97835  3.13938   5889 l - - -
          2.68683  4.42198  2.77698  2.73260  3.46152  2.40680  3.72603  3.27635  2.67911  2.69190  4.24477  2.90524  2.73917  3.18292  2.89927  2.38036  2.77593  2.97974  4.58596  3.61686
          2.34638  0.10516  5.49496  0.00676  5.00082  0.40225  1.10507
    142   3.05386  5.42621  2.43957  2.26258  3.22720  2.81340  3.49361  3.43059  3.14536  2.47389  3.56764  2.56005  3.80486  3.39625  2.74601  2.74210  3.17385  3.00188  4.83126  2.55113   5891 e - - -
          2.67836  4.42470  2.75899  2.72829  3.46197  2.41177  3.72767  3.27428  2.68694  2.68735  4.25150  2.90856  2.74103  3.18458  2.89682  2.38722  2.77798  2.97621  4.59868  3.62692
          3.47006  0.06518  3.44246  2.01131  0.14365  2.20468  0.11686
    143   1.46557  4.84311  2.99565  2.83259  4.07762  3.56944  4.25073  2.27994  3.27922  2.99676  4.63402  2.76335  3.75985  3.40526  3.48288  3.03691  2.63468  2.28416  6.96660  3.88685   5976 a - - -
          2.68591  4.42235  2.77522  2.73106  3.46363  2.40520  3.72504  3.29364  2.67732  2.69364  4.24699  2.90349  2.73738  3.18146  2.89804  2.37892  2.77520  2.98524  4.58487  3.61491
          0.33877  3.67979  1.33893  0.25289  1.49857  1.99527  0.14616
    144   1.92437  5.91839  2.81734  2.35925  5.24882  3.06926  3.70141  3.61513  2.35856  2.84648  4.82399  3.49971  3.93579  2.42435  2.15122  2.71213  2.67299  3.39132  6.45482  4.84799   5980 a - - -
          2.68617  4.42225  2.77520  2.73123  3.46354  2.40513  3.72494  3.29354  2.67741  2.69355  4.24690  2.90347  2.73740  3.18146  2.89801  2.37886  2.77519  2.98518  4.58477  3.61503
          0.02143  6.41357  3.93417  0.58127  0.81914  1.66100  0.21066
    145   2.05480  5.31879  2.62447  2.21365  4.39166  3.43511  3.38815  3.72393  2.55324  3.20296  4.70905  3.13277  3.16194  2.10306  2.30054  3.03341  3.20658  3.36706  5.52247  3.91966   5982 a - - -
          2.68601  4.42238  2.77527  2.73118  3.46367  2.40520  3.72500  3.29351  2.67723  2.69358  4.24694  2.90357  2.73747  3.18118  2.89789  2.37890  2.77526  2.98524  4.58490  3.61507
          0.06931  3.00926  4.03810  0.08636  2.49215  1.47306  0.26036
    146   2.95198  4.96077  4.00993  4.59181  2.28703  4.54813  5.38557  2.19446  4.35598  1.18301  2.77326  4.56199  5.16622  4.01931  4.13356  4.22700  3.76603  2.34718  4.38684  2.23745   5984 l - - -
          2.68618  4.42225  2.77519  2.73123  3.46354  2.40513  3.72494  3.29354  2.67741  2.69355  4.24690  2.90347  2.73739  3.18146  2.89801  2.37887  2.77519  2.98518  4.58467  3.61503
          0.00306  6.66815  6.32616  0.59188  0.80584  2.05232  0.13747
    147   1.80892  4.22523  3.42967  2.26770  3.91150  3.80093  4.17650  3.69566  2.69112  2.66170  3.89686  3.16286  4.21128  3.08106  1.70445  2.79636  3.07044  3.42356  5.78379  4.06904   5986 r - - -
          2.68618  4.42225  2.77519  2.73123  3.46354  2.40513  3.72494  3.29354  2.67741  2.69355  4.24683  2.90347  2.73739  3.18146  2.89801  2.37887  2.77519  2.98518  4.58477  3.61503
          0.01464  6.69963  4.31997  0.59248  0.80510  1.63630  0.21654
    148   2.24791  4.96669  2.56158  1.93607  5.52978  3.17536  3.56884  3.66239  2.25922  3.29395  4.95597  2.71527  4.03786  2.49589  2.36489  3.11120  2.73117  3.19797  6.34876  5.24260   5988 e - - -
          2.68535  4.42454  2.77424  2.72965  3.45645  2.40834  3.72187  3.28835  2.68077  2.68804  4.23843  2.90578  2.74123  3.17973  2.89651  2.38227  2.77714  2.98454  4.58759  3.61521
          0.85448  0.73072  2.37588  1.23885  0.34209  2.09950  0.13070
    149   2.36334  6.14700  2.81583  2.37367  3.60194  3.48566  3.23495  3.07759  2.78253  2.48138  4.18918  2.85469  4.86783  2.64131  2.12533  2.85520  2.86880  2.93499  6.00385  3.86705   5998 r - - -
          2.68618  4.42225  2.77519  2.73123  3.46354  2.40513  3.72494  3.29354  2.67741  2.69355  4.24690  2.90347  2.73739  3.18146  2.89801  2.37887  2.77518  2.98518  4.58477  3.61503
          0.01708  6.67115  4.15634  0.59419  0.80298  1.16458  0.37404
    150   3.14300  4.73605  2.45660  3.23697  1.75412  4.40920  4.28627  2.51688  4.45862  1.71148  4.04437  4.32640  5.38396  4.01284  4.17697  3.88903  3.05732  2.79582  3.91934  2.00957   6000 l - - -
          2.68637  4.42253  2.77536  2.73150  3.45924  2.40540  3.72521  3.29309  2.67768  2.69326  4.24666  2.90369  2.73767  3.18174  2.89821  2.37914  2.77543  2.98523  4.58374  3.61484
          0.19703  2.47764  2.35502  0.08497  2.50760  2.42721  0.09243
    151   2.75725  5.01198  2.17727  2.17863  3.00571  4.07465  3.88325  2.99848  2.99025  2.04358  3.15365  2.92989  4.95284  3.01245  3.03087  3.02336  3.30175  3.51122  2.87431  4.25710   6007 l - - -
          2.68618  4.42225  2.77519  2.73123  3.46354  2.40513  3.72494  3.29354  2.67741  2.69355  4.24690  2.90347  2.73739  3.18146  2.89801  2.37887  2.77519  2.98518  4.58477  3.61503
          0.13348  6.95077  2.08752  0.61958  0.77255  2.34798  0.10044
    152   2.17397  5.10855  2.45168  2.14933  4.92845  2.75466  2.80523  4.44689  2.45848  3.11844  4.77374  3.23766  3.46958  2.75114  2.36075  2.54635  2.94440  3.86250  6.60995  4.25106   6008 e - - -
          2.68615  4.42230  2.77520  2.73114  3.46362  2.40519  3.72458  3.29362  2.67746  2.69361  4.24698  2.90337  2.73747  3.18138  2.89776  2.37891  2.77523  2.98524  4.58485  3.61510
          0.05057  3.44120  4.05756  0.13040  2.10164  1.01489  0.45011
    153   2.57330  5.42970  2.36553  2.54756  3.76050  3.50548  3.15886  2.60308  2.95191  2.00983  3.69744  3.05509  3.55234  3.07131  2.89876  3.08994  3.46080  2.80826  5.33524  3.05694   6011 l - - -
          2.68526  4.41523  2.77522  2.72270  3.46792  2.41175  3.72058  3.28691  2.68088  2.68667  4.24554  2.90872  2.74188  3.18050  2.89679  2.37954  2.77441  2.98612  4.59064  3.61428
          0.78412  0.66201  3.58765  1.76844  0.18705  1.76249  0.18828
    154   3.24474  4.64836  3.86424  3.57155  3.07504  3.20104  3.04237  2.69270  3.18218  2.63708  4.39177  4.32137  3.40628  3.87313  2.87511  3.75173  4.03467  3.29286  1.32765  2.23012   6051 w - - -
          2.68599  4.42236  2.77526  2.73120  3.46363  2.40517  3.72495  3.29364  2.67740  2.69361  4.24697  2.90356  2.73748  3.18132  2.89749  2.37892  2.77528  2.98527  4.58477  3.61512
          0.12297  3.38972  2.50110  0.16027  1.90994  2.40978  0.09413
    155   2.29289  5.88856  3.02786  2.42734  3.16382  3.59268  3.57948  3.62952  2.33935  2.88312  3.99141  2.38283  3.72912  2.68305  2.25794  2.72834  2.83775  3.46650  4.32331  4.97005   6055 r - - -
          2.68618  4.42225  2.77519  2.73123  3.46354  2.40513  3.72494  3.29354  2.67741  2.69355  4.24690  2.90347  2.73739  3.18146  2.89801  2.37887  2.77519  2.98518  4.58477  3.61503
          0.12317  6.93282  2.16359  0.61958  0.77255  2.37612  0.09751
    156   2.54797  5.45967  2.87471  2.89652  4.55267  2.55594  3.45693  3.31924  2.21887  2.65726  4.60508  2.52861  2.91621  2.88993  2.12571  2.96777  3.50435  2.95049  5.13451  4.37442   6056 r - - -
          2.68618  4.42225  2.77519  2.73123  3.46354  2.40513  3.72494  3.29354  2.67741  2.69355  4.24690  2.90347  2.73739  3.18146  2.89801  2.37887  2.77519  2.98518  4.58477  3.61503
          0.00594  6.82224  5.33266  0.61958  0.77255  0.50587  0.92378
    157   2.47814  4.31821  2.98989  2.79261  4.42972  2.64174  4.04606  3.61980  2.88375  2.52626  3.95228  3.49545  3.20196  3.02496  2.01986  2.32456  2.79016  2.60862  4.84777  4.15256   6057 r - - -
          2.67614  4.43772  2.77590  2.73090  3.45542  2.41937  3.73822  3.27907  2.68477  2.67554  4.24187  2.91418  2.73989  3.18146  2.88476  2.38751  2.78208  2.97698  4.55861  3.61245
          3.53580  0.05103  3.88167  2.47994  0.08746  2.15627  0.12302
    158   3.06781  5.58078  3.18571  3.14269  2.73882  3.55397  4.44561  2.46848  3.51605  1.84811  3.60739  3.60475  3.66868  3.57968  3.14590  3.05656  3.66865  2.91832  1.76167  3.24018   6132 w - - -
          2.68618  4.42225  2.77519  2.73123  3.46354  2.40513  3.72494  3.29354  2.67741  2.69355  4.24690  2.90347  2.73739  3.18146  2.89801  2.37887  2.77519  2.98518  4.58477  3.61503
          0.03269  7.02250  3.46508  0.61958  0.77255  0.54169  0.87171
    159   2.46040  5.64044  2.89058  2.63006  3.76334  2.63820  3.81115  3.19217  2.66493  1.94565  3.90918  3.29923  3.66976  2.65154  2.42278  2.93998  2.90846  3.18269  6.18932  3.89170   6133 l - - -
          2.62241  4.48381  2.79816  2.73463  3.41952  2.47181  3.73937  3.14483  2.71453  2.59842  4.21196  2.93794  2.80262  3.21463  2.86067  2.45004  2.80494  2.92192  4.47557  3.58438
          1.97830  0.14885        *  5.29196  0.00504  0.00000        *
//
