HMMER3/f [3.1b2 | February 2015]
NAME  COG0270.faa.final_tree.fa
LENG  191
ALPH  amino
RF    no
MM    no
CONS  yes
CS    no
MAP   yes
DATE  Fri Aug  3 19:54:12 2018
NSEQ  4936
EFFN  12.159050
CKSUM 3528762817
STATS LOCAL MSV      -10.0857  0.70592
STATS LOCAL VITERBI  -11.9788  0.70592
STATS LOCAL FORWARD   -5.1117  0.70592
HMM          A        C        D        E        F        G        H        I        K        L        M        N        P        Q        R        S        T        V        W        Y   
            m->m     m->i     m->d     i->m     i->i     d->m     d->d
  COMPO   2.59710  4.26868  2.85488  2.72944  3.32262  2.51946  3.75164  3.08990  2.71402  2.60575  4.02983  2.96574  2.87329  3.16088  2.85264  2.50566  2.83599  2.84903  4.51842  3.57395
          2.67288  4.40416  2.78207  2.72744  3.44892  2.41839  3.73029  3.25687  2.68573  2.67600  4.19833  2.92701  2.74894  3.19598  2.87497  2.39796  2.79005  2.97287  4.54109  3.61128
          2.10383  0.55455  1.19177  4.77823  0.00845  0.00000        *
      1   2.59520  5.19627  2.72607  2.43095  3.92151  2.78706  3.66829  3.39676  2.30753  2.92258  3.03205  2.87651  2.95542  2.82522  2.73912  2.51890  2.78126  3.39591  5.66587  4.36779   1573 k - - -
          2.68618  4.42225  2.77519  2.73123  3.46354  2.40513  3.72494  3.29354  2.67741  2.69355  4.24690  2.90347  2.73739  3.18146  2.89801  2.37887  2.77519  2.98518  4.58477  3.61503
          0.21191  5.61186  1.67499  0.61958  0.77255  1.06570  0.42233
      2   2.67706  5.39164  2.69534  2.51313  4.15132  2.97110  3.29184  3.66314  2.32194  3.27014  2.63710  2.63882  3.05295  2.85961  2.77406  2.55700  2.53503  3.57523  5.59515  4.28441   1574 k - - -
          2.68618  4.42225  2.77519  2.73123  3.46354  2.40513  3.72494  3.29354  2.67741  2.69355  4.24690  2.90347  2.73739  3.18146  2.89801  2.37887  2.77519  2.98518  4.58477  3.61503
          0.01462  5.52289  4.55492  0.61958  0.77255  1.25567  0.33531
      3   2.59923  5.49803  2.70548  2.26090  4.46013  2.74401  3.64892  3.76101  2.18654  3.54885  2.88812  2.59559  3.23558  2.72350  2.74195  2.55167  2.90580  3.49069  5.85430  3.98726   1575 k - - -
          2.68618  4.42225  2.77519  2.73123  3.46354  2.40513  3.72494  3.29354  2.67741  2.69355  4.24690  2.90347  2.73739  3.18146  2.89801  2.37887  2.77519  2.98518  4.58477  3.61503
          0.00791  5.60610  5.47260  0.61958  0.77255  1.23379  0.34416
      4   2.61652  5.42888  2.98220  2.39535  4.74617  3.06791  3.69046  3.80207  1.93404  3.56118  3.12495  2.91065  2.87045  2.82819  2.40853  2.52783  2.66423  3.27135  5.92164  4.50664   1576 k - - -
          2.68618  4.42225  2.77519  2.73123  3.46354  2.40513  3.72494  3.29354  2.67741  2.69355  4.24690  2.90347  2.73739  3.18146  2.89801  2.37887  2.77519  2.98518  4.58477  3.61503
          0.02585  5.67311  3.81297  0.61958  0.77255  0.95385  0.48655
      5   3.11690  4.71275  4.51673  3.42234  2.30792  3.47590  4.49453  2.22573  3.46240  1.62860  2.24279  4.28935  2.65115  4.39369  3.65122  3.62058  3.36186  2.65085  4.89204  2.85163   1577 l - - -
          2.68618  4.42225  2.77519  2.73123  3.46354  2.40513  3.72494  3.29354  2.67741  2.69355  4.24690  2.90347  2.73739  3.18146  2.89801  2.37887  2.77519  2.98518  4.58477  3.61503
          0.00472  5.77103  6.44186  0.61958  0.77255  1.31760  0.31167
      6   3.06874  5.10783  3.35349  2.91261  4.53775  3.76277  3.98893  3.00113  1.82249  2.87275  4.31764  2.73700  3.88100  3.13067  2.08324  2.81870  1.88726  3.17115  5.91654  4.19420   1578 k - - -
          2.68618  4.42225  2.77519  2.73123  3.46354  2.40513  3.72494  3.29354  2.67741  2.69355  4.24690  2.90347  2.73739  3.18146  2.89801  2.37887  2.77519  2.98518  4.58477  3.61503
          0.00718  5.78100  5.50374  0.61958  0.77255  1.20017  0.35831
      7   2.43813  4.19125  4.46038  4.20186  1.97933  3.86572  3.46973  2.07810  4.31998  2.41667  3.42539  4.40759  4.19061  4.45450  4.36277  3.07970  3.18726  1.57344  5.28383  2.67056   1579 v - - -
          2.68619  4.42228  2.77522  2.73126  3.46357  2.40515  3.72497  3.29338  2.67743  2.69338  4.24691  2.90349  2.73742  3.18149  2.89803  2.37889  2.77522  2.98509  4.58480  3.61506
          0.01972  4.01448  6.52167  0.65088  0.73728  1.20740  0.35521
      8   2.47135  4.05353  5.22233  4.74433  3.04996  2.77161  4.84390  1.53728  3.98160  1.67511  3.55573  4.44760  4.66941  4.60209  4.12595  3.81210  3.34793  1.73564  4.05956  3.97710   1582 i - - -
          2.68618  4.42225  2.77519  2.73123  3.46354  2.40513  3.72494  3.29354  2.67741  2.69355  4.24690  2.90347  2.73739  3.18146  2.89801  2.37887  2.77519  2.98518  4.58477  3.61503
          0.00861  5.81366  5.18776  0.61958  0.77255  1.29378  0.32052
      9   3.05295  4.40762  1.23548  2.00486  5.07059  3.50295  3.63669  4.46873  2.99424  3.99636  4.83318  3.32889  4.37906  3.34213  3.41238  1.78428  3.09071  3.91164  6.22710  4.37792   1583 d - - -
          2.68618  4.42225  2.77519  2.73123  3.46354  2.40513  3.72494  3.29354  2.67741  2.69355  4.24690  2.90347  2.73739  3.18146  2.89801  2.37887  2.77519  2.98518  4.58477  3.61503
          0.00446  5.81025  6.53259  0.61958  0.77255  1.22585  0.34744
     10   3.13372  4.35246  3.98797  3.80462  2.62587  3.76560  4.78598  2.54274  4.45170  0.79189  3.48802  3.76337  4.91784  4.50756  4.17225  3.66035  3.37284  2.45774  5.14204  4.09977   1584 l - - -
          2.68618  4.42225  2.77519  2.73123  3.46354  2.40513  3.72494  3.29354  2.67741  2.69355  4.24690  2.90347  2.73739  3.18146  2.89801  2.37887  2.77519  2.98518  4.58477  3.61503
          0.00966  5.82093  5.01367  0.61958  0.77255  1.19553  0.36031
     11   3.22817  2.45948  5.30776  4.13949  0.71000  4.45315  4.89362  2.99960  4.25338  2.88479  3.80559  4.52204  4.87719  4.56479  4.49161  3.47865  3.48186  2.76708  5.09571  3.49253   1585 f - - -
          2.68618  4.42225  2.77519  2.73123  3.46354  2.40513  3.72494  3.29354  2.67741  2.69355  4.24690  2.90347  2.73739  3.18146  2.89801  2.37887  2.77519  2.98518  4.58477  3.61503
          0.01889  5.82488  4.15028  0.61958  0.77255  1.25492  0.33561
     12   1.23593  2.68854  3.30564  2.90689  4.92462  3.59120  3.92130  4.34493  2.93379  3.86654  4.72106  3.55698  4.47683  3.36798  3.27678  1.53103  3.21791  3.92105  6.13325  4.70617   1586 a - - -
          2.68618  4.42225  2.77519  2.73123  3.46354  2.40513  3.72494  3.29354  2.67741  2.69355  4.24690  2.90347  2.73739  3.18146  2.89801  2.37887  2.77519  2.98518  4.58477  3.61503
          0.01140  5.81243  4.78651  0.61958  0.77255  1.26004  0.33358
     13   3.30543  4.16309  3.76112  3.34088  4.04541  0.60970  4.35828  3.75140  3.09726  3.50280  4.34222  3.79032  4.62540  3.42548  3.73829  3.21673  3.41508  3.59717  5.84679  4.46241   1587 G - - -
          2.68618  4.42225  2.77519  2.73123  3.46354  2.40513  3.72494  3.29354  2.67741  2.69355  4.24690  2.90347  2.73739  3.18146  2.89801  2.37887  2.77519  2.98518  4.58477  3.61503
          0.00528  5.81057  6.08563  0.61958  0.77255  1.31133  0.31397
     14   1.55383  2.85894  5.20287  4.60328  3.42267  2.61338  4.83695  1.52656  4.31113  2.71382  3.68110  4.63759  2.95069  4.40696  4.20302  3.47918  3.17991  2.40061  5.28320  3.79841   1588 i - - -
          2.68612  4.42226  2.77520  2.73124  3.46355  2.40513  3.72495  3.29353  2.67741  2.69352  4.24689  2.90347  2.73739  3.18147  2.89801  2.37887  2.77520  2.98519  4.58478  3.61504
          0.05016  4.44424  3.29218  0.44684  1.02067  1.25442  0.33581
     15   3.16274  4.99519  3.55762  2.67891  4.82126  0.65424  4.30365  4.31673  3.09707  3.86257  4.35031  3.53968  4.42141  3.34459  3.21747  3.16977  3.52272  3.86791  6.10119  4.72454   1590 G - - -
          2.68615  4.42233  2.77516  2.73120  3.46361  2.40520  3.72502  3.29286  2.67748  2.69352  4.24697  2.90354  2.73736  3.18154  2.89808  2.37887  2.77527  2.98512  4.58485  3.61511
          0.01526  4.51762  5.46581  1.55056  0.23842  1.38706  0.28743
     16   2.49525  4.27161  4.21580  3.94560  3.86525  0.73167  4.67787  3.17055  3.78779  2.83218  3.78697  4.13798  4.50034  4.05349  4.11850  3.16346  3.35068  2.87267  5.52344  4.31562   1602 g - - -
          2.68619  4.42209  2.77520  2.73124  3.46355  2.40513  3.72495  3.29355  2.67742  2.69356  4.24687  2.90348  2.73741  3.18147  2.89802  2.37879  2.77520  2.98519  4.58478  3.61504
          0.02413  4.21060  4.70993  0.40598  1.09759  0.96224  0.48133
     17   2.32679  4.50322  4.61823  4.48165  1.89382  3.24427  4.89656  2.28507  4.38975  1.55154  2.42924  4.53740  4.34873  3.36567  4.52684  3.26073  3.24603  2.62286  3.89203  3.92679   1604 l - - -
          2.68618  4.42225  2.77519  2.73123  3.46354  2.40513  3.72494  3.29354  2.67741  2.69355  4.24690  2.90347  2.73739  3.18146  2.89801  2.37887  2.77519  2.98518  4.58477  3.61503
          0.01902  5.82553  4.14214  0.61958  0.77255  1.18083  0.36676
     18   2.37027  4.19903  2.15887  2.58023  4.80631  2.95682  3.50311  4.44052  2.94952  3.90858  4.58024  3.37960  3.97714  3.13079  2.03724  1.69301  2.61875  3.93786  6.18924  4.57480   1605 s - - -
          2.68618  4.42225  2.77519  2.73123  3.46354  2.40513  3.72494  3.29354  2.67741  2.69355  4.24690  2.90347  2.73739  3.18146  2.89801  2.37887  2.77519  2.98518  4.58477  3.61503
          0.01194  5.82055  4.72152  0.61958  0.77255  1.20303  0.35708
     19   2.79316  4.32437  3.47049  2.57520  4.14544  3.90452  3.75932  2.79552  2.70873  1.35049  3.32174  3.74129  4.33269  3.17801  3.22855  3.26474  2.66577  2.60192  5.16580  3.49448   1606 l - - -
          2.68619  4.42226  2.77521  2.73124  3.46355  2.40513  3.72496  3.29355  2.67742  2.69356  4.24691  2.90347  2.73735  3.18138  2.89799  2.37888  2.77517  2.98519  4.58478  3.61504
          0.01669  4.60001  5.03600  0.63394  0.75608  1.15652  0.37772
     20   1.69588  5.36425  3.56879  3.07890  4.76320  0.92109  4.37188  4.16917  3.16104  3.65685  4.55683  3.55650  3.70254  3.53436  3.58079  3.21874  3.27476  3.79746  6.05328  4.47107   1609 g - - -
          2.68618  4.42225  2.77519  2.73123  3.46354  2.40513  3.72494  3.29354  2.67741  2.69355  4.24690  2.90347  2.73739  3.18146  2.89801  2.37887  2.77519  2.98518  4.58477  3.61503
          0.02538  5.83411  3.81045  0.61958  0.77255  1.20479  0.35633
     21   2.52448  4.59083  4.97349  4.10762  1.57351  3.99952  4.54440  2.40050  4.49701  1.35297  2.86041  4.67444  4.69498  4.66261  4.47564  3.65701  3.38796  2.57460  3.64474  3.46112   1610 l - - -
          2.68618  4.42225  2.77519  2.73123  3.46354  2.40513  3.72494  3.29354  2.67741  2.69355  4.24690  2.90347  2.73739  3.18146  2.89801  2.37887  2.77519  2.98518  4.58477  3.61503
          0.01063  5.81903  4.87875  0.61958  0.77255  1.05859  0.42609
     22   2.75513  5.31492  3.10895  1.37828  4.72908  3.61380  2.75951  3.81561  2.26563  3.01288  3.99296  3.17033  4.25054  2.73676  2.75970  2.68475  3.12490  3.50233  5.85980  4.35554   1611 e - - -
          2.68139  4.41165  2.77852  2.73249  3.45680  2.40271  3.72318  3.29001  2.67853  2.69388  4.24615  2.90557  2.74125  3.18180  2.89864  2.38281  2.77767  2.98136  4.57634  3.61606
          2.45840  0.12109  3.55890  2.08911  0.13216  1.13252  0.38893
     23   2.14869  3.19238  3.44322  3.16348  2.26641  2.41679  4.17241  2.92692  3.41614  2.29458  3.60953  3.75210  4.08347  3.55689  3.79376  2.87862  3.29546  2.54722  3.05289  3.34290   1717 a - - -
          2.68618  4.42225  2.77519  2.73123  3.46354  2.40513  3.72494  3.29354  2.67741  2.69355  4.24690  2.90347  2.73739  3.18146  2.89801  2.37887  2.77519  2.98518  4.58477  3.61503
          0.37736  5.83662  1.16664  0.61958  0.77255  1.29286  0.32087
     24   1.42379  4.58680  3.56085  3.29012  3.10541  2.72013  3.56543  3.34030  3.32444  2.60231  3.88223  3.54835  4.47295  3.54562  3.70491  2.19547  2.73826  2.92593  5.22030  3.00338   1718 a - - -
          2.68618  4.42225  2.77519  2.73123  3.46354  2.40513  3.72494  3.29354  2.67741  2.69355  4.24690  2.90347  2.73739  3.18146  2.89801  2.37887  2.77519  2.98518  4.58477  3.61503
          0.00691  5.46556  5.93041  0.61958  0.77255  1.87161  0.16709
     25   2.73735  2.63017  4.94840  4.28312  3.27328  4.16354  4.59496  2.19495  4.08470  2.47709  3.60020  2.08633  4.53333  4.26368  4.24587  2.13644  3.30788  1.75160  4.91274  3.20726   1719 v - - -
          2.68618  4.42225  2.77519  2.73123  3.46354  2.40513  3.72494  3.29354  2.67741  2.69355  4.24690  2.90347  2.73739  3.18146  2.89801  2.37887  2.77519  2.98518  4.58477  3.61503
          0.00625  5.47366  6.19601  0.61958  0.77255  1.20077  0.35805
     26   3.24402  5.81608  1.61165  0.90405  5.00241  3.98817  4.24068  4.62279  3.02201  3.96692  4.89712  3.28801  4.39811  3.01080  3.43629  3.26223  3.56402  3.86322  6.28128  4.78134   1720 e - - -
          2.68618  4.42225  2.77519  2.73123  3.46354  2.40513  3.72494  3.29354  2.67741  2.69355  4.24690  2.90347  2.73739  3.18146  2.89801  2.37887  2.77519  2.98518  4.58477  3.61503
          0.00742  5.60941  5.59078  0.61958  0.77255  0.52669  0.89296
     27   3.16134  4.26055  3.93608  3.50773  2.53108  3.79079  3.70570  1.52841  3.17655  2.40530  3.39167  3.23177  3.85446  4.01223  3.38446  3.21572  3.37207  2.39234  2.70380  3.23604   1721 i - - -
          2.68459  4.41930  2.77459  2.73123  3.46324  2.40617  3.72169  3.29090  2.67875  2.69347  4.24680  2.90322  2.73776  3.18199  2.89856  2.38048  2.77666  2.98353  4.58187  3.61493
          0.44024  1.11162  3.60851  2.04949  0.13788  1.21865  0.35045
     28   3.07050  5.26413  1.27083  2.39853  4.14993  3.38053  3.87365  4.28011  2.72291  3.64624  4.49286  2.40915  2.71383  3.27739  3.10005  2.73766  3.43094  3.79863  3.99976  4.35424   1750 d - - -
          2.68618  4.42225  2.77519  2.73123  3.46354  2.40513  3.72494  3.29354  2.67741  2.69355  4.24690  2.90347  2.73739  3.18146  2.89801  2.37887  2.77519  2.98518  4.58477  3.61503
          0.11975  5.83602  2.20787  0.61958  0.77255  1.29700  0.31931
     29   2.46683  5.15495  2.94931  2.09106  4.82410  3.73889  3.77890  3.67213  1.76396  3.50066  4.64283  3.10232  2.27884  2.69755  2.80622  2.67141  3.07457  3.32868  6.16324  4.28843   1751 k - - -
          2.68618  4.42225  2.77519  2.73123  3.46354  2.40513  3.72494  3.29354  2.67741  2.69355  4.24690  2.90347  2.73739  3.18146  2.89801  2.37887  2.77519  2.98518  4.58477  3.61503
          0.01865  5.72139  4.18629  0.61958  0.77255  1.35953  0.29676
     30   2.31187  5.42553  2.34432  2.51659  2.83220  3.79119  3.04774  3.62770  2.50609  3.47683  4.08207  2.67945  3.54549  2.96690  2.87298  2.57343  3.03670  3.34095  4.24631  2.88992   1752 a - - -
          2.68618  4.42225  2.77520  2.73123  3.46354  2.40511  3.72495  3.29354  2.67741  2.69355  4.24690  2.90346  2.73740  3.18146  2.89800  2.37887  2.77520  2.98518  4.58477  3.61503
          0.00997  5.02192  5.70588  0.54454  0.86777  1.51894  0.24711
     31   0.99118  3.24271  3.51054  3.15864  3.59782  3.96690  3.77646  3.12400  2.95014  3.12140  4.03454  3.54427  3.77880  3.59082  3.16600  2.73264  3.35560  3.04538  5.20888  4.15750   1754 a - - -
          2.68618  4.42225  2.77519  2.73123  3.46354  2.40513  3.72494  3.29354  2.67741  2.69355  4.24690  2.90347  2.73739  3.18146  2.89801  2.37887  2.77519  2.98518  4.58477  3.61503
          0.12202  5.73409  2.19250  0.61958  0.77255  1.52310  0.24594
     32   2.35511  2.52477  3.29317  2.95287  3.80829  3.69721  3.67107  2.31811  2.87703  2.39880  3.79300  3.27389  3.98790  2.79667  2.46851  3.07206  3.18789  2.48464  4.92775  4.20867   1755 i - - -
          2.68618  4.42225  2.77519  2.73123  3.46354  2.40513  3.72494  3.29354  2.67741  2.69355  4.24690  2.90347  2.73739  3.18146  2.89801  2.37887  2.77519  2.98518  4.58477  3.61503
          0.04968  5.62016  3.10461  0.61958  0.77255  1.74027  0.19295
     33   1.94279  4.92380  2.66381  1.92726  4.30411  3.80025  3.94630  3.73703  2.03532  3.23054  4.23526  2.97768  4.26404  2.45625  2.57937  2.75674  3.15375  3.81476  5.95785  4.33173   1756 e - - -
          2.68608  4.42249  2.77531  2.73103  3.46377  2.40528  3.72518  3.29375  2.67734  2.69316  4.24664  2.90370  2.73752  3.18136  2.89722  2.37902  2.77532  2.98527  4.58500  3.61527
          0.09515  4.20821  2.57852  2.41786  0.09334  1.64268  0.21500
     34   2.53562  3.88016  3.87893  3.59603  3.76845  4.11309  4.35305  2.87423  3.34114  2.64267  3.62488  3.76811  4.38251  3.82278  3.71597  2.32641  1.16725  2.32680  5.13507  4.14194   1790 t - - -
          2.68618  4.42225  2.77519  2.73123  3.46354  2.40513  3.72494  3.29354  2.67741  2.69355  4.24690  2.90347  2.73739  3.18146  2.89801  2.37887  2.77519  2.98518  4.58477  3.61503
          0.03211  5.52277  3.58982  0.61958  0.77255  1.79442  0.18179
     35   3.15216  4.55674  4.78705  4.12536  2.77823  4.24283  2.99251  2.76614  3.74715  1.85460  3.68665  4.12684  4.68094  3.82201  3.51678  3.32289  3.26794  2.83286  4.22005  1.19450   1791 y - - -
          2.68623  4.42229  2.77524  2.73125  3.46358  2.40517  3.72495  3.29357  2.67739  2.69334  4.24688  2.90349  2.73744  3.18148  2.89792  2.37891  2.77507  2.98522  4.58482  3.61508
          0.05679  3.22449  4.17139  0.66526  0.72184  1.76638  0.18748
     36   2.40857  4.88415  3.14114  2.08851  4.38097  3.67214  3.69652  3.94641  1.99960  3.32832  4.22953  2.76271  4.25351  2.58225  1.99735  2.64918  2.95089  3.66272  5.67166  3.62032   1794 r - - -
          2.68618  4.42225  2.77519  2.73123  3.46354  2.40513  3.72494  3.29354  2.67741  2.69355  4.24690  2.90347  2.73739  3.18146  2.89801  2.37887  2.77519  2.98518  4.58477  3.61503
          0.00715  5.51160  5.78222  0.61958  0.77255  1.61408  0.22199
     37   1.65140  5.08753  3.05994  2.42792  4.04954  3.42809  2.94166  3.68308  2.24660  2.80325  4.22679  3.02898  4.11050  2.90499  2.77127  2.72650  3.04622  3.59312  5.93441  3.41367   1795 a - - -
          2.68618  4.42225  2.77519  2.73123  3.46354  2.40513  3.72494  3.29354  2.67741  2.69355  4.24690  2.90347  2.73739  3.18146  2.89801  2.37887  2.77519  2.98518  4.58477  3.61503
          0.16587  5.55075  1.90409  0.61958  0.77255  1.32246  0.30990
     38   2.95344  4.88632  3.80086  3.28790  3.44896  3.93975  3.50346  2.69491  3.14671  2.63355  2.71097  1.25738  4.21307  3.56199  3.03233  2.97722  3.04976  3.02102  4.87740  3.91261   1796 n - - -
          2.68617  4.42226  2.77525  2.73128  3.46331  2.40518  3.72488  3.29360  2.67740  2.69355  4.24696  2.90351  2.73746  3.18148  2.89775  2.37892  2.77522  2.98525  4.58484  3.61465
          0.06550  2.79052  6.20912  0.66468  0.72245  0.39463  1.12064
     39   2.70455  4.70154  3.16152  2.90655  2.19414  3.44736  2.10015  3.22114  2.88601  3.07962  3.84018  2.63899  4.03550  3.27006  2.63554  3.12180  3.20556  3.26878  4.00264  2.84097   1799 h - - -
          2.68733  4.41772  2.77388  2.72879  3.46022  2.40856  3.71579  3.28778  2.67821  2.69178  4.24510  2.90241  2.73788  3.18536  2.89891  2.38550  2.77702  2.98147  4.57549  3.61173
          2.33798  0.10636  5.43144  2.61090  0.07631  1.15824  0.37693
     40   2.61042  2.86979  3.16102  2.27702  3.38934  3.07192  2.95083  3.52601  2.73004  2.49895  4.35914  2.52323  3.67996  2.88812  3.00496  2.98393  3.01473  3.13366  4.51359  3.26914   2098 e - - -
          2.68574  4.42230  2.77504  2.73033  3.46377  2.40315  3.72568  3.29417  2.67767  2.69381  4.24705  2.90412  2.73826  3.18160  2.89773  2.37944  2.77559  2.98558  4.58496  3.61524
          2.17066  0.39656  1.54520  0.35595  1.20566  1.16153  0.37543
     41   3.10396  4.54040  0.91569  2.67960  4.86379  3.55580  4.00953  4.47649  2.78712  3.82280  4.55099  2.87741  3.77591  3.17849  3.21596  2.46558  3.35464  4.00137  6.12450  4.23437   2114 d - - -
          2.68618  4.42225  2.77519  2.73123  3.46354  2.40513  3.72494  3.29354  2.67741  2.69355  4.24690  2.90347  2.73739  3.18146  2.89801  2.37887  2.77519  2.98518  4.58477  3.61503
          0.01781  5.64350  4.26048  0.61958  0.77255  1.52982  0.24408
     42   2.93343  4.42090  5.10691  3.92848  3.48058  4.41202  4.74353  1.03499  4.25572  2.23149  3.00989  4.49232  4.16912  4.45820  4.40544  3.73824  3.42863  1.63900  5.25159  3.67964   2115 i - - -
          2.68618  4.42220  2.77520  2.73123  3.46353  2.40512  3.72495  3.29354  2.67740  2.69355  4.24690  2.90345  2.73740  3.18147  2.89801  2.37887  2.77520  2.98518  4.58477  3.61498
          0.01814  5.11118  4.42705  0.68762  0.69871  1.65682  0.21164
     43   2.66350  4.49745  3.22079  2.71422  3.64445  3.56399  3.53733  3.74765  2.56160  3.08959  4.30385  3.05160  3.93405  2.92843  2.00895  2.54637  1.90306  2.99028  3.82269  4.16315   2119 t - - -
          2.68618  4.42225  2.77519  2.73123  3.46354  2.40513  3.72494  3.29354  2.67741  2.69355  4.24690  2.90347  2.73739  3.18146  2.89801  2.37887  2.77519  2.98518  4.58477  3.61503
          0.07211  5.64916  2.71727  0.61958  0.77255  1.52025  0.24674
     44   2.60812  5.47190  2.15145  2.08182  4.39428  3.06840  3.78749  4.34758  1.97688  3.40154  4.53121  2.67753  3.91880  2.55917  2.91638  2.73692  2.55331  3.56705  5.91746  4.56012   2120 k - - -
          2.68618  4.42225  2.77519  2.73123  3.46354  2.40513  3.72494  3.29354  2.67741  2.69355  4.24690  2.90347  2.73739  3.18146  2.89801  2.37887  2.77519  2.98518  4.58477  3.61503
          0.00741  5.60739  5.59558  0.61958  0.77255  0.65922  0.72826
     45   2.89596  4.46622  3.01190  2.99681  2.89904  3.77404  3.75872  1.82852  3.21065  2.09673  3.78424  3.57699  3.57066  3.48951  3.58327  3.35308  3.17332  1.88528  4.44221  3.46064   2121 i - - -
          2.68405  4.42074  2.77078  2.72798  3.46083  2.40857  3.72528  3.28756  2.67835  2.69181  4.24678  2.90685  2.73888  3.18368  2.89583  2.38304  2.77766  2.98453  4.58059  3.61425
          2.43779  0.09530  5.64121  2.55768  0.08065  1.28110  0.32536
     46   2.87466  4.86867  2.17942  2.17320  3.59769  2.45929  3.22119  3.67131  2.20933  3.12552  4.48085  2.79261  3.15379  2.90200  2.98288  2.84538  3.19214  3.65947  5.06813  3.69012   2251 e - - -
          2.68634  4.42314  2.77471  2.73102  3.46415  2.40523  3.72477  3.29383  2.67736  2.69372  4.24761  2.90388  2.73573  3.18142  2.89740  2.37923  2.77570  2.98532  4.58562  3.61530
          0.77712  0.70908  3.03293  0.94621  0.49136  1.32179  0.31014
     47   2.57951  3.79924  3.80563  4.32803  2.64499  4.35804  2.83455  1.93897  4.10915  2.35831  3.84049  4.36813  2.45905  4.38150  4.23315  3.45416  3.06791  1.58570  4.16384  3.73881   2256 v - - -
          2.68618  4.42225  2.77519  2.73123  3.46354  2.40513  3.72494  3.29354  2.67741  2.69355  4.24690  2.90347  2.73739  3.18146  2.89801  2.37887  2.77519  2.98518  4.58477  3.61503
          0.00860  5.78239  5.20649  0.61958  0.77255  1.26235  0.33266
     48   2.92555  4.22753  0.94081  2.70772  4.01316  3.24541  3.74504  4.23634  2.90868  3.72501  4.59474  2.93732  4.17640  3.16419  3.38787  3.01254  2.93590  3.77083  4.38725  4.73535   2257 d - - -
          2.68618  4.42225  2.77519  2.73123  3.46354  2.40513  3.72494  3.29354  2.67741  2.69355  4.24690  2.90347  2.73739  3.18146  2.89801  2.37887  2.77519  2.98518  4.58477  3.61503
          0.00765  5.79935  5.38443  0.61958  0.77255  1.36921  0.29344
     49   2.98922  4.18947  5.16662  4.69550  3.15670  3.46861  4.75661  1.72210  4.52418  1.42278  3.05648  4.65294  4.50215  4.38645  4.04737  3.53454  3.54384  1.52645  4.04915  4.11180   2258 l - - -
          2.68618  4.42225  2.77519  2.73123  3.46354  2.40513  3.72494  3.29354  2.67741  2.69355  4.24690  2.90347  2.73739  3.18146  2.89801  2.37887  2.77519  2.98518  4.58477  3.61503
          0.00450  5.80146  6.52381  0.61958  0.77255  1.25420  0.33590
     50   2.94988  4.53489  5.19775  4.36375  2.90198  4.24823  4.86019  1.80419  4.34658  1.17450  3.22631  4.66863  3.99790  4.07048  4.54041  3.78909  3.59073  1.77095  4.22054  3.69112   2259 l - - -
          2.68603  4.42230  2.77525  2.73128  3.46359  2.40496  3.72496  3.29352  2.67745  2.69360  4.24681  2.90352  2.73745  3.18150  2.89806  2.37891  2.77507  2.98521  4.58482  3.61508
          0.03600  3.78760  4.36516  0.85335  0.55510  1.20495  0.35626
     51   2.28571  3.02802  4.84126  4.47987  3.06983  3.79322  3.72320  1.89958  4.47622  2.14148  3.60602  4.62370  4.80026  4.44826  4.02875  2.89775  2.37109  1.86870  2.79581  3.89021   2265 v - - -
          2.68618  4.42225  2.77519  2.73123  3.46354  2.40513  3.72494  3.29354  2.67741  2.69355  4.24690  2.90347  2.73739  3.18146  2.89801  2.37887  2.77519  2.98518  4.58477  3.61503
          0.00526  5.82502  6.07620  0.61958  0.77255  1.34184  0.30295
     52   1.52826  4.17455  4.57686  3.98966  3.08654  1.10017  4.36197  3.21337  4.02007  2.80098  3.64540  3.77411  4.79089  4.25750  4.26060  3.34487  3.46550  3.03356  5.50494  3.71382   2266 g - - -
          2.68618  4.42225  2.77519  2.73123  3.46354  2.40513  3.72494  3.29354  2.67741  2.69355  4.24690  2.90347  2.73739  3.18146  2.89801  2.37887  2.77519  2.98518  4.58477  3.61503
          0.00591  5.82637  5.82858  0.61958  0.77255  0.98763  0.46595
     53   3.00397  4.17673  3.82531  3.36649  4.40615  0.85040  3.92062  3.83956  3.33104  3.37543  4.45480  3.82517  4.61843  3.66822  3.71170  1.86928  3.18896  3.62819  5.90964  4.60392   2267 g - - -
          2.68618  4.42225  2.77519  2.73123  3.46354  2.40513  3.72494  3.29354  2.67741  2.69355  4.24690  2.90347  2.73739  3.18146  2.89801  2.37887  2.77519  2.98518  4.58477  3.61503
          0.00692  5.86612  5.50521  0.61958  0.77255  1.00795  0.45408
     54   2.93761  4.55578  4.56264  4.19174  1.53803  4.44057  4.22061  2.94375  4.06675  2.74010  3.95196  4.32988  1.31212  4.11203  3.84971  2.91362  2.97767  2.74016  5.01756  3.93052   2268 p - - -
          2.68624  4.42232  2.77513  2.73104  3.46354  2.40516  3.72501  3.29349  2.67742  2.69346  4.24689  2.90350  2.73746  3.18142  2.89804  2.37889  2.77519  2.98521  4.58484  3.61510
          0.08923  3.66805  2.81617  0.89973  0.52202  0.94402  0.49276
     55   3.24636  4.70238  2.88613  2.83288  4.91142  4.08527  4.32623  3.99822  3.12020  3.68248  4.57712  3.40568  0.69685  3.45975  3.60455  2.99625  3.45889  3.91325  6.12919  4.77141   2278 p - - -
          2.68618  4.42225  2.77520  2.73124  3.46354  2.40513  3.72495  3.29354  2.67741  2.69355  4.24690  2.90347  2.73740  3.18147  2.89791  2.37887  2.77520  2.98519  4.58477  3.61503
          0.01638  4.71988  4.91528  0.48437  0.95733  0.86844  0.54405
     56   3.39806  0.46343  3.99042  4.02852  4.27690  3.90058  4.80756  3.65478  3.92925  3.33128  4.27400  4.38113  4.58338  4.28390  3.96344  3.41647  3.71885  3.34519  5.79083  4.36237   2280 C - - -
          2.68618  4.42225  2.77519  2.73123  3.46354  2.40513  3.72494  3.29354  2.67741  2.69355  4.24690  2.90347  2.73739  3.18146  2.89801  2.37887  2.77519  2.98518  4.58477  3.61503
          0.00758  5.89335  5.33974  0.61958  0.77255  1.11273  0.39848
     57   3.08542  5.56291  3.58229  2.87445  5.15926  3.93902  4.24456  4.08145  2.57121  3.99817  4.79754  3.47053  3.29132  0.86326  3.13196  3.11318  2.34932  3.76741  6.26693  4.81752   2281 q - - -
          2.68618  4.42225  2.77519  2.73123  3.46354  2.40513  3.72494  3.29354  2.67741  2.69355  4.24690  2.90347  2.73739  3.18146  2.89801  2.37887  2.77519  2.98518  4.58477  3.61503
          0.00539  5.89341  5.94578  0.61958  0.77255  1.12524  0.39241
     58   2.12282  5.64607  2.08561  2.73857  4.60392  2.08073  3.16330  4.65093  2.98855  3.96648  4.89354  2.99623  2.19155  3.26379  3.21749  2.29902  3.05518  3.84697  5.97733  4.34072   2282 g - - -
          2.68618  4.42225  2.77519  2.73123  3.46354  2.40513  3.72494  3.29354  2.67741  2.69355  4.24690  2.90347  2.73739  3.18146  2.89801  2.37887  2.77519  2.98518  4.58477  3.61503
          0.01836  5.89447  4.17087  0.61958  0.77255  1.11687  0.39646
     59   2.99748  4.65390  4.20784  4.60537  0.98363  4.20408  3.09310  2.59691  4.38057  2.30586  3.49158  4.62375  4.54713  4.36829  4.40243  3.67046  3.62031  2.85341  3.61134  2.50035   2283 f - - -
          2.68618  4.42225  2.77519  2.73123  3.46354  2.40513  3.72494  3.29354  2.67741  2.69355  4.24690  2.90347  2.73739  3.18146  2.89801  2.37887  2.77519  2.98518  4.58477  3.61503
          0.01356  5.88304  4.53888  0.61958  0.77255  1.16616  0.37333
     60   3.02658  4.30996  3.93953  3.37904  4.56332  3.87191  4.30971  3.94257  3.38000  3.50758  4.40298  3.65592  4.48166  3.68865  3.79044  0.57207  2.89698  3.63613  5.87227  4.53281   2284 S - - -
          2.68618  4.42225  2.77519  2.73123  3.46354  2.40513  3.72494  3.29354  2.67741  2.69355  4.24690  2.90347  2.73739  3.18146  2.89801  2.37887  2.77519  2.98518  4.58477  3.61503
          0.00541  5.87557  5.95861  0.61958  0.77255  1.16976  0.37171
     61   2.63376  5.02614  3.56183  2.94593  4.29733  3.40542  4.15160  2.25885  2.46075  2.34258  3.50140  2.84230  3.77768  2.90772  2.95484  2.72363  2.76716  2.09909  6.01036  3.87643   2285 v - - -
          2.68618  4.42225  2.77519  2.73123  3.46354  2.40513  3.72494  3.29354  2.67741  2.69355  4.24690  2.90347  2.73739  3.18146  2.89801  2.37887  2.77519  2.98518  4.58477  3.61503
          0.01873  5.87860  4.15019  0.61958  0.77255  1.19521  0.36045
     62   0.89513  4.32902  3.61453  3.26827  4.33192  3.16217  4.35675  3.16304  3.11310  2.93568  3.91877  3.62487  4.51134  3.57130  3.68380  2.57328  3.38699  2.69866  5.81898  4.26848   2286 a - - -
          2.68619  4.42226  2.77519  2.73122  3.46355  2.40513  3.72495  3.29353  2.67739  2.69355  4.24689  2.90346  2.73741  3.18147  2.89799  2.37888  2.77520  2.98517  4.58478  3.61503
          0.01481  5.10157  4.75400  0.75893  0.63143  1.10669  0.40145
     63   2.87496  4.58084  3.40643  2.95441  4.88849  0.93849  4.23091  4.05761  2.43480  3.64850  4.72222  2.55690  4.51524  3.33994  3.11167  2.88571  3.24468  4.01057  5.26643  4.77783   2292 g - - -
          2.68618  4.42225  2.77520  2.73123  3.46354  2.40513  3.72495  3.29354  2.67741  2.69355  4.24690  2.90345  2.73738  3.18143  2.89801  2.37887  2.77520  2.98519  4.58477  3.61503
          0.03189  5.48910  3.60257  0.66577  0.72129  1.16342  0.37457
     64   2.83996  4.72509  3.48318  2.87017  4.61341  2.53883  3.36324  4.27726  1.55517  3.03794  4.38242  2.72369  3.41365  3.11428  2.03528  2.82206  3.18951  3.24617  5.73842  3.91618   2296 k - - -
          2.68618  4.42225  2.77519  2.73123  3.46354  2.40513  3.72494  3.29354  2.67740  2.69355  4.24690  2.90347  2.73739  3.18146  2.89801  2.37887  2.77519  2.98518  4.58477  3.61503
          0.48450  5.60837  0.96671  0.59771  0.79866  1.02120  0.44654
     65   2.72488  5.33991  3.24040  2.66341  4.57166  2.01069  3.74939  4.08588  2.20980  3.58351  4.17349  2.97472  3.83670  2.52496  1.93784  2.44248  2.84784  3.73039  5.19020  4.41105   2298 r - - -
          2.68582  4.42220  2.77565  2.73148  3.46385  2.40521  3.72513  3.29335  2.67600  2.69340  4.24704  2.90361  2.73789  3.18142  2.89742  2.37930  2.77537  2.98561  4.58303  3.61538
          1.70763  0.24019  3.43488  0.33167  1.26487  0.42567  1.05938
     66   2.84073  5.62578  3.26196  2.89735  4.73191  1.75211  3.67225  4.20646  2.34128  3.48413  4.27750  2.90984  3.05415  2.46249  2.06547  2.42705  3.22885  3.83099  4.94696  4.51804   2312 g - - -
          2.68618  4.42225  2.77519  2.73123  3.46354  2.40513  3.72494  3.29354  2.67741  2.69355  4.24690  2.90347  2.73739  3.18146  2.89801  2.37887  2.77519  2.98518  4.58477  3.61503
          0.22909  5.83765  1.60034  0.61958  0.77255  1.19806  0.35922
     67   2.58597  5.34197  3.02553  2.70755  3.68327  3.23874  3.82709  3.37034  2.12525  2.33610  3.68874  3.00829  4.13789  2.91790  2.02671  2.83189  3.07905  3.10977  4.46344  3.47842   2313 r - - -
          2.68618  4.42225  2.77519  2.73123  3.46354  2.40513  3.72494  3.29354  2.67741  2.69355  4.24690  2.90347  2.73739  3.18146  2.89801  2.37887  2.77519  2.98518  4.58477  3.61503
          0.01264  5.63015  4.71317  0.61958  0.77255  0.37961  1.15243
     68   2.48904  5.51150  2.41678  2.27139  4.28872  2.32720  3.86325  3.82877  2.03726  2.99090  4.41821  2.78372  3.66119  2.81102  2.68794  2.72381  3.04235  3.50027  5.87633  4.43396   2314 k - - -
          2.68400  4.42297  2.76867  2.72736  3.46211  2.40626  3.72436  3.29174  2.67907  2.68982  4.24679  2.90616  2.74111  3.18408  2.89558  2.38307  2.77804  2.98663  4.57950  3.61557
          2.19365  0.12401  5.27494  2.29747  0.10593  1.05571  0.42763
     69   2.51082  4.86064  2.66569  2.04801  3.79694  3.39379  3.79305  3.61206  2.34828  3.04592  4.34095  2.89664  2.77528  3.13529  2.58178  2.83063  2.27909  3.24292  6.16636  4.44912   2464 e - - -
          2.68618  4.42225  2.77519  2.73123  3.46354  2.40513  3.72493  3.29354  2.67741  2.69355  4.24690  2.90346  2.73740  3.18146  2.89801  2.37887  2.77519  2.98518  4.58477  3.61503
          0.20360  5.54360  1.71312  0.58371  0.81605  1.01232  0.45157
     70   3.03619  5.51154  3.13832  2.55716  4.67991  3.29576  3.93007  4.44686  2.41383  3.63748  4.23290  2.85809  3.88900  2.71854  1.04119  3.03856  3.20845  3.98147  6.04104  4.35251   2466 r - - -
          2.68618  4.42225  2.77519  2.73123  3.46354  2.40513  3.72494  3.29354  2.67741  2.69355  4.24690  2.90347  2.73739  3.18146  2.89801  2.37887  2.77519  2.98518  4.58477  3.61503
          0.02055  5.73207  4.06865  0.61958  0.77255  1.51226  0.24899
     71   2.93758  5.60775  3.00217  2.64776  4.85919  1.74667  3.71366  3.81934  2.81054  3.43130  4.71027  2.08448  2.91191  3.17043  2.74046  2.22643  3.04298  3.70191  4.20459  4.38945   2467 g - - -
          2.68618  4.42225  2.77519  2.73123  3.46354  2.40513  3.72494  3.29354  2.67741  2.69355  4.24690  2.90347  2.73739  3.18146  2.89801  2.37886  2.77519  2.98518  4.58477  3.61503
          0.02661  5.55908  3.79855  0.60499  0.78983  1.00697  0.45464
     72   2.72314  5.00548  2.64048  2.67149  3.67843  2.56861  3.81610  4.22084  2.46426  3.27490  4.27454  2.80795  4.02864  2.83754  2.31349  2.42468  2.09087  3.29093  5.32529  3.81884   2469 t - - -
          2.68607  4.42223  2.77530  2.73127  3.46343  2.40523  3.72497  3.29342  2.67750  2.69348  4.24680  2.90356  2.73753  3.18159  2.89795  2.37897  2.77508  2.98520  4.58287  3.61482
          0.18106  2.00344  3.48204  0.18467  1.78010  1.15273  0.37946
     73   2.84083  4.51583  4.31230  4.01538  3.44793  4.24608  4.73557  2.65469  4.14608  0.73907  3.16691  4.64850  4.53235  4.40898  4.09545  3.61281  3.05272  2.38086  5.14034  4.08492   2480 l - - -
          2.68618  4.42225  2.77519  2.73123  3.46354  2.40513  3.72494  3.29354  2.67741  2.69355  4.24690  2.90347  2.73739  3.18146  2.89801  2.37887  2.77519  2.98518  4.58477  3.61503
          0.04017  5.68986  3.32445  0.61039  0.78338  1.30650  0.31576
     74   2.46106  4.54284  5.30161  4.33228  1.40252  4.17602  4.82739  2.64041  4.40183  2.20398  3.30891  4.01877  3.66579  4.36499  3.67094  3.44153  3.28174  2.16076  3.42148  2.44375   2482 f - - -
          2.68618  4.42225  2.77519  2.73123  3.46354  2.40513  3.72494  3.29354  2.67741  2.69355  4.24690  2.90347  2.73739  3.18146  2.89801  2.37887  2.77519  2.98518  4.58477  3.61503
          0.00574  5.77798  5.94083  0.61958  0.77255  1.37529  0.29138
     75   2.85437  5.16501  3.44126  2.61086  2.13099  3.06654  3.94575  3.34959  2.55494  2.52283  3.84290  3.42410  3.50253  3.29020  3.05687  2.95760  3.22189  2.88513  2.49471  2.90170   2483 f - - -
          2.68618  4.42225  2.77519  2.73123  3.46354  2.40513  3.72494  3.29354  2.67741  2.69355  4.24690  2.90347  2.73739  3.18146  2.89801  2.37887  2.77519  2.98518  4.58477  3.61503
          0.01914  5.78984  4.14124  0.61958  0.77255  1.29503  0.32005
     76   2.60006  4.68165  2.45650  1.32456  4.87446  3.80793  2.96011  3.84997  2.68493  3.88044  4.68554  3.13030  3.87203  2.70339  3.02254  2.72537  3.15477  3.19067  4.36403  3.83635   2484 e - - -
          2.68618  4.42225  2.77519  2.73123  3.46354  2.40513  3.72494  3.29354  2.67741  2.69355  4.24690  2.90347  2.73739  3.18146  2.89801  2.37887  2.77519  2.98518  4.58477  3.61503
          0.05930  5.79461  2.90904  0.61958  0.77255  1.42141  0.27625
     77   2.36030  3.85199  4.93467  4.53315  2.26869  3.59814  4.79156  1.96597  4.25491  2.46995  3.14681  2.94640  4.82761  4.21516  4.40157  3.31352  3.03315  2.06028  4.52696  2.00121   2485 i - - -
          2.68618  4.42223  2.77520  2.73124  3.46354  2.40512  3.72495  3.29354  2.67740  2.69355  4.24690  2.90347  2.73739  3.18146  2.89801  2.37887  2.77519  2.98515  4.58475  3.61503
          0.13797  5.20282  2.09253  0.68741  0.69892  1.56964  0.23334
     78   2.00805  3.53474  4.97137  3.49885  3.24440  4.16619  4.26219  1.99707  3.40504  1.66902  3.25513  4.39162  3.96932  4.16095  4.06928  3.59987  3.06506  1.83808  4.76429  3.53020   2489 l - - -
          2.68618  4.42225  2.77519  2.73123  3.46354  2.40513  3.72494  3.29354  2.67741  2.69355  4.24690  2.90347  2.73739  3.18146  2.89801  2.37887  2.77519  2.98518  4.58477  3.61503
          0.00796  5.61512  5.45183  0.61958  0.77255  1.71273  0.19891
     79   2.74100  5.64737  2.52776  2.08407  5.03880  3.76089  3.75228  4.10928  2.14695  3.76681  4.28936  3.12663  4.25768  2.87054  1.33173  2.93796  3.25412  3.96388  5.94200  4.38304   2490 r - - -
          2.68618  4.42225  2.77519  2.73123  3.46354  2.40513  3.72494  3.29354  2.67741  2.69355  4.24690  2.90347  2.73739  3.18146  2.89801  2.37887  2.77519  2.98518  4.58477  3.61503
          0.00611  5.62230  6.00192  0.61958  0.77255  1.77890  0.18491
     80   2.37370  4.13820  5.05946  4.48884  2.47510  4.18590  4.48900  1.52733  4.30067  1.66883  3.28456  4.48171  4.75326  4.23703  4.34380  3.64620  3.33872  2.14016  3.20283  3.24661   2491 i - - -
          2.68612  4.42226  2.77520  2.73117  3.46355  2.40514  3.72495  3.29355  2.67742  2.69356  4.24691  2.90347  2.73740  3.18147  2.89802  2.37888  2.77520  2.98519  4.58478  3.61504
          0.16774  4.61850  1.93407  0.63747  0.75211  1.74656  0.19161
     81   2.36189  4.27739  5.02359  4.48097  3.23002  4.16935  4.67399  1.48563  4.22379  1.71577  3.41032  3.97949  4.70435  4.37093  4.31047  3.58995  3.19427  1.58863  5.17045  3.75242   2494 i - - -
          2.68618  4.42225  2.77519  2.73123  3.46354  2.40513  3.72494  3.29354  2.67741  2.69355  4.24690  2.90347  2.73739  3.18146  2.89801  2.37887  2.77519  2.98518  4.58477  3.61503
          0.00661  5.47245  6.03725  0.61958  0.77255  0.70668  0.67980
     82   2.15664  4.53751  2.75655  2.13259  4.43786  3.51431  4.03371  3.36384  1.94268  2.96258  3.88214  3.08617  3.62190  2.87331  2.47485  2.71549  2.90475  3.55392  5.09703  4.32171   2495 k - - -
          2.68554  4.42283  2.77584  2.72903  3.46411  2.40593  3.72302  3.29083  2.67586  2.69243  4.24696  2.90458  2.73974  3.18208  2.89713  2.38074  2.77595  2.98438  4.58440  3.61542
          2.35655  0.10171  6.23205  1.21046  0.35391  1.41184  0.27931
     83   2.89268  5.42996  3.29506  2.70597  5.09670  3.65338  3.63886  4.44247  1.75934  3.26703  4.13912  2.78016  3.00854  2.04555  1.79968  3.02878  3.19979  3.39749  6.21694  4.66899   2532 k - - -
          2.68618  4.42225  2.77519  2.73123  3.46354  2.40513  3.72494  3.29354  2.67741  2.69355  4.24690  2.90347  2.73739  3.18146  2.89801  2.37887  2.77519  2.98518  4.58477  3.61503
          0.01232  5.77931  4.69402  0.61958  0.77255  1.47690  0.25922
     84   3.17185  4.61591  4.49688  3.62167  3.50624  3.83256  4.61283  3.14280  3.74269  3.06108  4.00827  4.25884  0.65948  4.15183  4.07098  3.51417  3.50875  2.81132  5.24059  3.58727   2533 P - - -
          2.68621  4.42228  2.77520  2.73126  3.46356  2.40515  3.72497  3.29350  2.67738  2.69348  4.24692  2.90338  2.73742  3.18149  2.89803  2.37883  2.77521  2.98521  4.58479  3.61506
          0.01590  4.34672  5.87032  0.83550  0.56856  1.46684  0.26221
     85   2.32498  5.30216  2.66858  2.34470  4.97379  3.88311  4.10401  4.34179  1.48478  3.47687  4.68348  3.37905  3.38915  2.89409  1.97449  2.74963  3.03604  3.87652  5.56305  4.63091   2538 k - - -
          2.68618  4.42225  2.77519  2.73123  3.46354  2.40513  3.72494  3.29354  2.67741  2.69355  4.24690  2.90347  2.73739  3.18146  2.89801  2.37887  2.77519  2.98518  4.58477  3.61503
          0.00759  5.77671  5.41233  0.61958  0.77255  1.48242  0.25759
     86   1.78456  4.43321  5.31849  4.61791  2.39522  3.55414  4.34248  2.24908  4.18307  2.57597  3.34469  4.59312  3.83767  4.58628  3.87555  3.73296  3.31057  1.73288  3.18118  2.30972   2539 v - - -
          2.68618  4.42225  2.77519  2.73123  3.46354  2.40513  3.72494  3.29354  2.67741  2.69355  4.24690  2.90347  2.73739  3.18146  2.89801  2.37887  2.77519  2.98518  4.58477  3.61503
          0.00770  5.77623  5.38867  0.61958  0.77255  1.45766  0.26498
     87   2.86810  4.20507  5.25862  4.69724  1.37293  4.15489  4.58983  1.98097  4.45713  1.94936  3.57054  4.70606  4.86660  4.28553  4.48805  3.78303  3.57181  1.75071  3.70113  3.74003   2540 f - - -
          2.68618  4.42225  2.77519  2.73123  3.46354  2.40513  3.72494  3.29354  2.67741  2.69355  4.24690  2.90347  2.73739  3.18146  2.89801  2.37887  2.77519  2.98518  4.58477  3.61503
          0.00776  5.77827  5.37365  0.61958  0.77255  1.40439  0.28172
     88   2.73776  3.73881  5.30447  4.64300  2.68303  4.48415  4.77231  1.84959  4.44657  1.53542  2.98747  4.68103  4.88668  4.26539  3.89940  3.58453  3.38519  1.48586  5.21934  3.52181   2541 v - - -
          2.68634  4.42210  2.77496  2.73127  3.46378  2.40503  3.72477  3.29356  2.67754  2.69361  4.24637  2.90329  2.73764  3.18122  2.89812  2.37885  2.77544  2.98482  4.58405  3.61540
          0.04963  3.11710  5.48824  2.09966  0.13068  1.43741  0.27121
     89   2.55834  4.23602  5.14476  4.19310  2.35477  4.05769  4.84207  2.06026  4.48640  1.37746  2.10930  4.71301  4.84885  4.17366  4.49685  3.57552  3.39298  2.42406  3.51466  3.45554   2556 l - - -
          2.68618  4.42225  2.77519  2.73123  3.46354  2.40513  3.72494  3.29354  2.67741  2.69355  4.24690  2.90347  2.73739  3.18146  2.89801  2.37887  2.77519  2.98518  4.58477  3.61503
          0.01225  5.79015  4.69764  0.61958  0.77255  1.46407  0.26304
     90   3.44088  5.95823  3.24528  0.39551  5.49091  3.73909  4.43315  4.72310  3.38545  4.35320  5.25011  3.72699  4.74444  3.69719  3.77351  3.47924  3.79737  4.44208  6.62259  5.19331   2557 E - - -
          2.68618  4.42225  2.77519  2.73123  3.46354  2.40513  3.72494  3.29354  2.67741  2.69355  4.24690  2.90347  2.73739  3.18146  2.89801  2.37887  2.77519  2.98518  4.58477  3.61503
          0.00745  5.78418  5.43891  0.61958  0.77255  1.48235  0.25761
     91   3.66922  5.54978  2.96864  2.99953  5.47862  3.90616  4.50556  4.33625  3.40301  4.46100  5.21268  0.45581  4.67317  3.20533  3.90244  3.58987  3.85232  4.51301  6.61717  5.18786   2558 N - - -
          2.68618  4.42225  2.77519  2.73123  3.46354  2.40513  3.72494  3.29354  2.67741  2.69355  4.24690  2.90347  2.73739  3.18146  2.89801  2.37887  2.77519  2.98518  4.58477  3.61503
          0.00508  5.78250  6.21917  0.61958  0.77255  0.76467  0.62640
     92   3.35328  4.88073  4.83667  4.35882  3.98083  4.37644  4.09795  2.93820  4.09488  2.94127  3.70915  4.40763  3.27042  4.33004  4.18578  3.48766  3.29994  0.54780  5.49523  4.29694   2559 V - - -
          2.68618  4.42225  2.77519  2.73123  3.46354  2.40513  3.72494  3.29354  2.67741  2.69355  4.24690  2.90347  2.73739  3.18146  2.89801  2.37887  2.77519  2.98518  4.58477  3.61503
          0.01367  5.88428  4.52844  0.61958  0.77255  1.17708  0.36842
     93   2.50591  5.47497  2.97140  2.44860  5.05292  3.76994  3.97354  3.85274  1.58926  3.90073  4.62122  3.43745  2.02900  3.16707  2.47493  2.78530  2.85734  3.06005  5.43632  4.36909   2560 k - - -
          2.68618  4.42225  2.77519  2.73123  3.46354  2.40513  3.72494  3.29354  2.67741  2.69355  4.24690  2.90347  2.73739  3.18146  2.89801  2.37887  2.77519  2.98518  4.58477  3.61503
          0.00590  5.87947  5.78205  0.61958  0.77255  1.19862  0.35898
     94   2.51907  5.43462  2.93107  2.28864  4.61143  1.30530  3.85669  4.65981  2.93796  3.99732  4.06274  2.35826  3.98567  2.87358  2.69493  2.99506  3.21885  3.96323  6.25779  4.42097   2561 g - - -
          2.68618  4.42225  2.77519  2.73123  3.46354  2.40513  3.72494  3.29354  2.67741  2.69355  4.24690  2.90347  2.73739  3.18146  2.89801  2.37887  2.77519  2.98518  4.58477  3.61503
          0.00559  5.88188  5.88215  0.61958  0.77255  1.16204  0.37520
     95   2.82722  4.44445  4.94644  4.45773  2.45208  4.08475  4.14174  2.01577  4.37920  1.17271  2.74262  4.67137  4.82861  4.62549  4.40403  3.28669  2.99458  2.26706  4.91455  3.37879   2562 l - - -
          2.68618  4.42225  2.77519  2.73123  3.46354  2.40513  3.72494  3.29354  2.67741  2.69355  4.24690  2.90347  2.73739  3.18146  2.89801  2.37887  2.77519  2.98518  4.58477  3.61503
          0.05339  5.88723  3.01161  0.61958  0.77255  1.14543  0.38285
     96   2.53357  4.54627  4.49952  3.58158  3.54957  3.81666  4.49630  2.67619  2.86561  1.18835  3.18627  4.13423  4.42827  3.30779  3.00006  3.14356  2.96966  2.32470  4.58018  3.88658   2563 l - - -
          2.68618  4.42225  2.77519  2.73123  3.46354  2.40513  3.72494  3.29354  2.67741  2.69355  4.24690  2.90347  2.73740  3.18146  2.89800  2.37887  2.77516  2.98519  4.58477  3.61503
          0.06537  4.93021  2.88151  0.51679  0.90741  1.27336  0.32835
     97   2.87934  5.33364  2.99570  2.80596  4.72738  3.30695  3.47314  4.05049  2.36684  3.36747  4.32579  2.55134  4.13989  2.78408  2.69606  1.52278  2.23500  3.73863  5.17217  4.17014   2565 s - - -
          2.68618  4.42225  2.77519  2.73123  3.46354  2.40513  3.72494  3.29354  2.67741  2.69355  4.24690  2.90347  2.73739  3.18146  2.89801  2.37887  2.77519  2.98518  4.58477  3.61503
          0.03999  5.79635  3.31968  0.61958  0.77255  1.27176  0.32897
     98   2.25483  4.27303  3.06886  2.90148  4.44238  3.32484  2.30349  3.52451  2.59382  3.20063  3.43936  3.08286  3.56159  3.30763  3.16657  2.14828  2.66561  3.36055  2.79078  3.92351   2566 s - - -
          2.68618  4.42225  2.77519  2.73123  3.46354  2.40513  3.72494  3.29354  2.67741  2.69355  4.24690  2.90347  2.73739  3.18146  2.89801  2.37887  2.77519  2.98518  4.58477  3.61503
          0.01361  5.78291  4.56251  0.61958  0.77255  0.28282  1.40101
     99   2.81836  5.35577  2.13426  2.50670  4.22251  2.51336  3.57952  3.83851  2.15249  3.27527  4.15591  2.59783  3.17407  2.88879  2.57927  2.61656  3.16730  3.43854  4.82779  4.02107   2567 d - - -
          2.68466  4.42091  2.77742  2.72504  3.44834  2.41046  3.72586  3.27326  2.67712  2.68269  4.23760  2.91055  2.74780  3.18450  2.89563  2.39077  2.78011  2.98452  4.56760  3.60656
          2.62336  0.07678  6.61243  3.30230  0.03749  0.78206  0.61149
    100   2.49062  4.90251  3.00163  2.61107  3.53995  3.04436  3.05469  3.08732  2.97188  1.78166  3.65778  3.05236  3.33046  3.11336  2.98777  2.78743  3.15890  3.12461  4.22684  3.46366   2965 l - - -
          2.68666  4.42292  2.77540  2.73092  3.46405  2.40102  3.72560  3.29412  2.67793  2.69334  4.24761  2.90359  2.73796  3.18193  2.89854  2.37938  2.77590  2.98592  4.58561  3.61584
          1.28876  0.56509  1.85739  0.38215  1.14694  0.75997  0.63051
    101   2.97200  4.81049  3.53711  3.03787  3.55419  3.58263  4.02123  3.43935  3.03087  3.06673  4.10641  3.59429  3.61605  2.85270  3.29404  3.08897  3.03624  3.10840  3.91021  1.08338   2978 y - - -
          2.68600  4.42260  2.77378  2.73085  3.46434  2.40645  3.72425  3.29241  2.67804  2.69423  4.24662  2.90416  2.73910  3.18175  2.89709  2.37989  2.77483  2.98090  4.58569  3.61407
          2.02316  0.19577  3.08860  1.36920  0.29345  0.68467  0.70170
    102   2.44487  3.64532  3.25926  2.73037  3.36145  3.55025  3.43384  3.34504  2.88651  3.19500  4.20626  3.64158  2.95710  3.52244  3.29979  2.73276  2.79147  2.87118  1.99863  2.55294   3017 w - - -
          2.68618  4.42225  2.77520  2.73123  3.46354  2.40513  3.72494  3.29354  2.67741  2.69355  4.24690  2.90347  2.73739  3.18146  2.89801  2.37887  2.77520  2.98516  4.58477  3.61503
          0.04118  5.42243  3.32617  0.57479  0.82742  1.17256  0.37044
    103   2.75770  4.80045  3.18301  2.57693  3.31634  3.10523  3.42466  3.74447  2.13663  3.45968  4.07916  2.99176  3.58735  2.21584  1.93828  2.90146  2.96950  3.32971  4.32932  3.86267   3019 r - - -
          2.68618  4.42225  2.77519  2.73123  3.46354  2.40513  3.72494  3.29354  2.67740  2.69355  4.24690  2.90346  2.73739  3.18146  2.89800  2.37887  2.77519  2.98518  4.58477  3.61503
          0.02253  5.55049  3.99567  0.59150  0.80631  0.93645  0.49761
    104   3.05254  3.97276  4.07697  3.26885  3.80181  4.32689  4.43437  1.86119  3.65296  1.91231  3.50951  4.20485  4.27387  4.15051  3.64725  3.54261  2.55227  1.30901  5.32033  3.91267   3021 v - - -
          2.68618  4.42225  2.77519  2.73123  3.46354  2.40513  3.72494  3.29354  2.67741  2.69355  4.24690  2.90347  2.73739  3.18146  2.89801  2.37887  2.77519  2.98518  4.58477  3.61503
          0.00744  5.88471  5.37440  0.61958  0.77255  1.08104  0.41437
    105   3.18782  4.65339  4.72198  4.37849  3.26329  4.45827  4.39475  1.95437  4.32145  0.96193  3.23501  4.45232  4.74318  4.32769  4.05599  3.55362  3.53893  1.97129  4.88592  3.38857   3022 l - - -
          2.68618  4.42225  2.77520  2.73123  3.46354  2.40513  3.72495  3.29349  2.67741  2.69355  4.24690  2.90347  2.73737  3.18147  2.89801  2.37887  2.77520  2.98519  4.58477  3.61503
          0.02230  5.34066  4.05958  0.62856  0.76219  1.18576  0.36458
    106   3.12799  4.51722  2.06407  2.71974  4.41383  3.87331  3.74221  4.24633  2.62723  3.85284  4.67983  1.28394  3.47103  3.14837  2.64558  2.73120  2.87226  3.87294  5.82972  4.47497   3025 n - - -
          2.68618  4.42225  2.77519  2.73123  3.46354  2.40513  3.72494  3.29354  2.67741  2.69355  4.24690  2.90347  2.73739  3.18146  2.89801  2.37887  2.77519  2.98518  4.58477  3.61503
          0.01730  5.88465  4.24271  0.61958  0.77255  1.10026  0.40464
    107   1.01386  4.22984  3.63678  3.23512  3.56900  3.11408  4.28688  3.72675  3.33481  3.42446  4.04938  3.69576  3.72150  3.66203  3.74781  1.92989  2.84643  3.27619  5.54173  4.03352   3026 a - - -
          2.68618  4.42225  2.77519  2.73123  3.46354  2.40513  3.72494  3.29354  2.67741  2.69355  4.24690  2.90347  2.73739  3.18146  2.89801  2.37887  2.77519  2.98518  4.58477  3.61503
          0.00736  5.88645  5.39180  0.61958  0.77255  1.15051  0.38049
    108   1.78037  3.46526  3.29059  2.36904  4.91346  3.66238  3.89981  3.91617  1.99229  3.49686  3.78665  3.33819  3.67543  2.76215  2.56114  2.21280  3.03330  3.68115  4.39174  4.55696   3027 a - - -
          2.68618  4.42225  2.77518  2.73123  3.46354  2.40513  3.72494  3.29354  2.67741  2.69355  4.24690  2.90347  2.73739  3.18146  2.89801  2.37887  2.77519  2.98518  4.58477  3.61503
          0.01016  5.59068  5.05508  0.59181  0.80592  1.12574  0.39217
    109   2.71435  5.58843  1.39776  2.26559  3.86944  3.76191  2.96614  4.62025  2.74678  3.43636  3.67677  2.40765  4.25648  3.12563  3.07103  3.00644  3.38585  3.91778  5.12010  3.02922   3029 d - - -
          2.68593  4.42165  2.77520  2.73116  3.46358  2.40510  3.72504  3.29353  2.67756  2.69353  4.24687  2.90359  2.73743  3.18150  2.89809  2.37896  2.77518  2.98515  4.58493  3.61484
          0.13385  2.72254  2.82059  1.30438  0.31655  1.11501  0.39736
    110   3.06168  4.38815  4.65680  4.29187  1.43678  3.89712  3.89899  2.91454  4.06918  2.61355  3.69693  4.52812  4.30626  4.34614  4.24261  3.43171  3.23442  2.52062  3.99213  1.39534   3048 y - - -
          2.68616  4.42213  2.77529  2.73129  3.46346  2.40523  3.72504  3.29334  2.67739  2.69341  4.24700  2.90347  2.73745  3.18156  2.89811  2.37870  2.77516  2.98523  4.58459  3.61513
          0.08064  4.76358  2.67456  1.82452  0.17590  0.75645  0.63361
    111   2.96450  4.93721  3.48323  3.05898  4.59367  0.69498  4.26610  4.04329  3.04397  3.70731  4.63929  3.34064  4.11746  3.42251  3.22484  3.08849  3.49784  3.63980  5.83204  4.43557   3070 g - - -
          2.68619  4.42221  2.77523  2.73118  3.46355  2.40499  3.72495  3.29357  2.67744  2.69351  4.24693  2.90350  2.73742  3.18150  2.89801  2.37888  2.77522  2.98520  4.58480  3.61506
          0.46256  4.65389  1.01941  1.07586  0.41704  1.09820  0.40567
    112   1.88027  4.41854  3.96018  3.53372  3.34856  3.77486  4.32151  2.44279  3.28811  2.26224  3.48157  3.84190  4.57629  3.72598  3.43867  2.73312  2.38521  1.70137  5.28764  3.72324   3078 v - - -
          2.68615  4.42227  2.77519  2.73120  3.46356  2.40510  3.72491  3.29355  2.67742  2.69356  4.24687  2.90345  2.73738  3.18147  2.89803  2.37889  2.77521  2.98520  4.58479  3.61503
          0.02914  4.35561  4.14243  0.86522  0.54638  1.92733  0.15728
    113   2.21383  4.13244  3.35226  2.75462  4.41719  2.72445  3.98582  3.59300  2.76590  3.19039  4.34896  3.12998  1.37374  3.16987  3.30610  2.85565  3.19338  3.44377  5.00493  3.79194   3085 p - - -
          2.68618  4.42225  2.77519  2.73123  3.46354  2.40513  3.72494  3.29354  2.67741  2.69355  4.24690  2.90347  2.73739  3.18146  2.89801  2.37887  2.77519  2.98518  4.58477  3.61503
          0.02073  5.44324  4.12321  0.61958  0.77255  0.36588  1.18283
    114   2.94887  5.43663  3.65618  2.93052  4.74485  3.02513  3.01626  3.10621  3.14982  2.86248  4.18484  3.43230  4.22076  1.58067  3.57516  2.91199  2.55470  1.76010  5.70355  4.65208   3086 q - - -
          2.68652  4.42303  2.77599  2.73181  3.46429  2.40594  3.72548  3.29409  2.67808  2.69423  4.24741  2.90419  2.73317  3.17393  2.89871  2.37947  2.77583  2.98589  4.58551  3.61577
          0.58892  0.95758  2.79270  0.83187  0.57135  1.07297  0.41854
    115   2.65938  5.64137  3.12992  2.72407  4.52358  3.88010  2.97605  3.10574  2.27169  3.08222  4.32461  1.99734  4.08900  3.03360  2.16877  2.23336  2.70883  3.73618  5.35527  4.57065   3106 n - - -
          2.68618  4.42225  2.77519  2.73123  3.46354  2.40513  3.72494  3.29354  2.67741  2.69355  4.24690  2.90347  2.73739  3.18146  2.89801  2.37887  2.77519  2.98518  4.58477  3.61503
          0.01326  5.84723  4.57747  0.61958  0.77255  1.33532  0.30527
    116   3.24345  5.43107  3.61809  3.00680  4.74210  3.95365  4.34606  4.03674  2.90523  3.67207  4.41115  3.65687  4.23915  3.44176  0.60283  3.30070  3.49530  3.66691  5.07961  4.50873   3107 R - - -
          2.68618  4.42225  2.77519  2.73123  3.46354  2.40513  3.72494  3.29354  2.67741  2.69355  4.24690  2.90347  2.73739  3.18146  2.89801  2.37887  2.77519  2.98518  4.58477  3.61503
          0.00871  5.84128  5.15641  0.61958  0.77255  1.15531  0.37828
    117   3.13285  5.76274  2.83943  1.52163  4.70080  3.99399  3.37377  4.18913  1.80358  3.75618  4.64280  3.11103  3.11760  2.77151  2.21478  2.89796  3.11711  3.61892  5.72633  4.44404   3108 e - - -
          2.68618  4.42225  2.77520  2.73124  3.46354  2.40511  3.72495  3.29354  2.67741  2.69355  4.24690  2.90344  2.73740  3.18147  2.89800  2.37887  2.77520  2.98519  4.58477  3.61503
          0.01956  5.26722  4.25335  0.62920  0.76147  1.31292  0.31339
    118   3.02300  5.03807  3.69374  3.15866  4.86252  4.04144  4.27154  4.16894  2.98120  3.66843  4.65019  3.64867  3.70254  3.39153  0.60776  3.16230  3.48161  3.76410  6.02041  4.67348   3111 R - - -
          2.68618  4.42225  2.77519  2.73123  3.46354  2.40513  3.72494  3.29354  2.67741  2.69355  4.24690  2.90347  2.73739  3.18146  2.89801  2.37887  2.77519  2.98518  4.58477  3.61503
          0.04705  5.84816  3.14471  0.61958  0.77255  1.22544  0.34761
    119   2.51674  4.34521  4.86548  4.32311  2.54565  4.06736  4.43990  2.03947  4.36361  1.80136  3.23072  4.66793  4.42439  4.44969  4.41847  3.68324  2.84542  1.35533  4.33048  3.46785   3112 v - - -
          2.68618  4.42225  2.77519  2.73123  3.46354  2.40513  3.72494  3.29354  2.67741  2.69355  4.24690  2.90347  2.73739  3.18146  2.89801  2.37887  2.77519  2.98518  4.58477  3.61503
          0.01719  5.81562  4.26405  0.61958  0.77255  1.19311  0.36137
    120   3.17765  4.12831  5.22036  4.68488  1.35693  4.45673  4.22587  1.76656  4.25154  2.31501  3.71832  4.69029  4.87935  4.62359  4.44447  3.65523  3.42333  2.10109  4.07808  2.30627   3113 f - - -
          2.68618  4.42225  2.77519  2.73123  3.46354  2.40513  3.72494  3.29354  2.67741  2.69355  4.24690  2.90347  2.73739  3.18146  2.89801  2.37887  2.77519  2.98518  4.58477  3.61503
          0.00596  5.82911  5.80919  0.61958  0.77255  1.37106  0.29281
    121   2.95805  4.07407  4.63392  4.20165  2.58008  3.91607  4.51211  1.51116  4.16376  1.45400  2.90472  4.71061  4.83011  4.59056  3.93320  3.75063  3.31316  2.00854  4.28222  3.88700   3114 l - - -
          2.68618  4.42225  2.77520  2.73123  3.46354  2.40513  3.72495  3.29354  2.67741  2.69353  4.24690  2.90347  2.73740  3.18146  2.89801  2.37885  2.77520  2.98518  4.58477  3.61503
          0.01770  5.45110  4.32392  0.62539  0.76583  1.36369  0.29533
    122   2.92339  4.23908  4.79045  4.57059  3.21079  4.12406  4.56317  1.53392  4.12784  2.09009  3.24561  4.60137  4.66456  4.28140  4.43891  3.64851  3.29971  1.15302  5.35433  3.75590   3117 v - - -
          2.68618  4.42225  2.77519  2.73123  3.46354  2.40513  3.72494  3.29354  2.67741  2.69355  4.24690  2.90347  2.73739  3.18146  2.89801  2.37887  2.77519  2.98518  4.58477  3.61503
          0.02152  5.82274  3.99932  0.61958  0.77255  1.37557  0.29128
    123   1.35235  3.78323  4.20959  3.78145  3.33426  1.26521  4.62280  3.28444  3.67163  3.09408  3.77272  3.91387  4.01677  3.73357  3.97248  3.10427  3.48604  3.07821  5.58917  4.12514   3118 g - - -
          2.68618  4.42225  2.77519  2.73123  3.46354  2.40513  3.72494  3.29354  2.67741  2.69355  4.24690  2.90347  2.73739  3.18146  2.89801  2.37887  2.77519  2.98518  4.58477  3.61503
          0.01431  5.81028  4.49057  0.61958  0.77255  1.33519  0.30531
    124   2.86498  3.82288  4.01637  3.50991  2.29728  3.88280  3.17628  2.28002  3.46400  2.64966  3.65890  3.30975  4.52565  3.94162  2.46724  2.37669  2.86272  2.19113  3.90445  3.06094   3119 v - - -
          2.68618  4.42225  2.77519  2.73123  3.46354  2.40513  3.72494  3.29354  2.67741  2.69355  4.24690  2.90347  2.73739  3.18146  2.89801  2.37887  2.77519  2.98518  4.58477  3.61503
          0.03996  5.81160  3.31926  0.61958  0.77255  1.41268  0.27904
    125   2.83600  4.02471  3.10554  2.89526  4.20692  3.57487  3.33008  3.88130  2.15011  2.40722  4.62182  3.13452  3.52851  3.00094  1.40509  2.76320  3.27581  3.90480  5.62481  4.19258   3120 r - - -
          2.68618  4.42225  2.77519  2.73123  3.46354  2.40513  3.72494  3.29354  2.67741  2.69355  4.24690  2.90347  2.73739  3.18146  2.89801  2.37887  2.77519  2.98518  4.58477  3.61503
          0.11844  5.77934  2.22008  0.61958  0.77255  1.51269  0.24887
    126   2.81860  5.38347  2.11064  2.33865  4.46050  2.96855  3.62331  3.83094  1.90097  3.63595  4.63682  2.48652  3.77610  2.91344  2.26234  2.72707  2.96786  3.57439  6.08877  4.63762   3121 k - - -
          2.68618  4.42225  2.77519  2.73123  3.46354  2.40513  3.72494  3.29354  2.67741  2.69355  4.24690  2.90347  2.73739  3.18146  2.89801  2.37887  2.77519  2.98518  4.58477  3.61503
          0.04016  5.66670  3.32681  0.61958  0.77255  0.97823  0.47157
    127   2.84764  5.31454  1.69855  2.34520  4.35164  2.09993  3.60912  4.35278  2.44217  3.87873  4.72868  2.84394  3.40403  2.98949  2.94230  2.44344  3.00474  3.77296  6.15992  4.55285   3122 d - - -
          2.68617  4.42225  2.77519  2.73123  3.46354  2.40511  3.72495  3.29354  2.67741  2.69355  4.24690  2.90346  2.73740  3.18147  2.89801  2.37887  2.77520  2.98519  4.58477  3.61503
          0.08903  5.23159  2.52782  0.62790  0.76295  1.44530  0.26876
    128   2.75510  4.66423  2.72323  2.47086  3.74264  2.95080  3.75673  2.76695  2.47581  2.02831  4.08621  3.17896  3.91824  2.97753  2.69573  2.96736  2.90052  3.01884  4.48780  3.33303   3125 l - - -
          2.68618  4.42225  2.77519  2.73123  3.46354  2.40513  3.72494  3.29354  2.67741  2.69355  4.24690  2.90347  2.73739  3.18146  2.89801  2.37887  2.77519  2.98518  4.58477  3.61503
          0.00581  5.68685  6.02993  0.61958  0.77255  0.41565  1.07855
    129   2.50787  4.30569  2.77482  2.49872  3.41827  2.47176  3.73725  3.19551  2.51567  3.06790  4.23409  2.60758  2.70416  3.11264  2.82418  2.65148  3.04150  2.97861  5.68354  3.92865   3126 g - - -
          2.68630  4.42125  2.77553  2.72960  3.45693  2.40718  3.72716  3.28743  2.67872  2.69132  4.24513  2.90559  2.73635  3.18189  2.89633  2.38253  2.77749  2.98296  4.58511  3.61587
          2.42046  0.11355  3.99229  2.26966  0.10909  0.95776  0.48410
    130   2.88336  4.63569  3.37279  2.63114  2.18437  3.54002  3.95437  2.98875  2.70583  2.42329  4.00824  3.48557  3.29391  3.25175  2.89750  3.11526  3.23464  3.09352  2.35634  2.84886   3202 f - - -
          2.68618  4.42225  2.77519  2.73123  3.46354  2.40513  3.72494  3.29354  2.67741  2.69355  4.24690  2.90347  2.73739  3.18146  2.89801  2.37887  2.77519  2.98518  4.58477  3.61503
          0.47122  5.93238  0.98589  0.61958  0.77255  1.02341  0.44530
    131   2.96943  4.59122  2.73398  2.53267  4.26226  3.55858  3.91079  3.70969  2.55481  3.34917  4.20720  3.03468  1.28118  2.99839  3.11609  2.84898  2.87676  3.49063  5.94345  4.42191   3203 p - - -
          2.68617  4.42226  2.77519  2.73124  3.46355  2.40513  3.72495  3.29355  2.67741  2.69354  4.24690  2.90347  2.73740  3.18146  2.89799  2.37887  2.77520  2.98515  4.58478  3.61504
          0.04228  4.76912  3.41403  0.69864  0.68769  1.43817  0.27097
    132   2.48880  5.23771  2.57606  1.85234  3.88424  3.50434  3.67486  3.85695  2.18086  3.14648  4.17167  3.01990  3.34263  2.79939  2.95956  2.60043  2.52671  3.46023  4.72721  3.96487   3208 e - - -
          2.68618  4.42225  2.77519  2.73123  3.46354  2.40513  3.72494  3.29354  2.67741  2.69355  4.24690  2.90347  2.73739  3.18146  2.89801  2.37887  2.77519  2.98518  4.58477  3.61503
          0.01791  5.54080  4.28078  0.61958  0.77255  0.50084  0.93146
    133   2.59242  4.97468  3.28311  2.53235  3.91864  3.04320  3.79510  3.38603  2.56808  2.64683  4.51482  3.15896  1.58748  3.10501  3.07410  2.73734  3.06861  3.34073  4.14226  3.99543   3209 p - - -
          2.68551  4.42425  2.77649  2.73074  3.46418  2.40614  3.72168  3.29382  2.67612  2.69230  4.24732  2.90564  2.73609  3.18227  2.89722  2.38148  2.77449  2.98493  4.57382  3.61499
          1.90559  0.17214  4.66659  2.29142  0.10661  0.83373  0.56991
    134   2.83168  5.31269  3.03906  2.54246  3.79325  3.08924  3.76633  3.11943  2.21370  3.10729  4.22392  3.23017  2.91945  2.89754  2.18989  2.69385  2.66100  2.64469  4.86481  3.54991   3292 r - - -
          2.68284  4.42171  2.77529  2.73080  3.46447  2.40703  3.72714  3.29275  2.67826  2.69174  4.24310  2.90666  2.73960  3.18331  2.89409  2.38152  2.77397  2.98297  4.57947  3.61390
          2.24636  0.17463  2.91046  2.36700  0.09845  1.16228  0.37509
    135   1.61310  3.44913  3.23067  2.97314  3.35721  3.39286  4.20680  2.26393  3.16491  2.67794  3.84374  3.48025  4.13010  3.42625  3.42801  2.81217  2.92313  2.33281  5.04236  3.52311   3394 a - - -
          2.68618  4.42225  2.77519  2.73123  3.46354  2.40513  3.72494  3.29354  2.67741  2.69355  4.24690  2.90347  2.73739  3.18146  2.89801  2.37887  2.77519  2.98518  4.58477  3.61503
          0.32371  5.84062  1.29596  0.61958  0.77255  1.26254  0.33259
    136   2.98294  4.43797  3.87274  3.57570  3.00343  3.82122  4.23083  1.41396  3.42912  1.43578  3.72884  3.50496  4.17906  3.89741  3.44525  3.42342  3.31186  2.66758  4.98803  3.80327   3395 i - - -
          2.68618  4.42225  2.77519  2.73123  3.46354  2.40513  3.72494  3.29354  2.67741  2.69355  4.24690  2.90347  2.73739  3.18146  2.89801  2.37887  2.77519  2.98518  4.58477  3.61503
          0.03568  5.53207  3.47070  0.61958  0.77255  1.78506  0.18367
    137   2.72396  4.81797  1.96025  2.14923  4.37505  2.21283  3.54482  4.20412  2.41159  3.38625  4.46647  2.94257  3.92991  2.94588  2.95543  2.36324  3.02728  3.79558  5.04546  3.92895   3396 d - - -
          2.68618  4.42225  2.77519  2.73123  3.46354  2.40513  3.72494  3.29354  2.67741  2.69355  4.24690  2.90347  2.73739  3.18146  2.89801  2.37887  2.77519  2.98518  4.58477  3.61503
          0.00599  5.51654  6.23889  0.61958  0.77255  0.12679  2.12795
    138   2.63097  4.67721  1.96453  2.65706  3.71946  2.77168  3.60144  3.49849  2.64355  2.88607  4.50131  2.91564  3.58905  3.11441  2.87270  2.71841  2.95408  3.22852  2.65365  4.19172   3397 d - - -
          2.66787  4.41061  2.78377  2.74108  3.46134  2.41092  3.70663  3.26098  2.69204  2.68772  4.22513  2.91666  2.74458  3.18979  2.87800  2.40862  2.77058  2.97099  4.55752  3.59025
          2.64954  0.07529  6.29527  4.68226  0.00930  0.58915  0.80923
    139   2.63367  3.82384  2.85649  2.53349  3.94229  2.92509  3.67636  3.37682  2.57381  3.16584  4.25954  2.96102  1.90474  3.03833  3.05697  2.61153  3.07206  3.04331  4.73521  3.42262   4553 p - - -
          2.68679  4.42255  2.77470  2.73090  3.46350  2.40504  3.72494  3.29175  2.67779  2.69319  4.24722  2.90372  2.73786  3.18109  2.89800  2.37991  2.77536  2.98513  4.58398  3.61323
          1.64512  0.60100  1.35191  1.09400  0.40778  0.59373  0.80354
    140   2.89161  4.49768  2.66278  2.47946  4.32318  2.46172  3.18243  3.09005  2.45860  2.93612  4.14434  2.50516  3.52770  3.05300  2.93090  2.72860  2.95795  2.56452  4.91039  3.62449   4579 k - - -
          2.68618  4.42225  2.77519  2.73123  3.46354  2.40513  3.72494  3.29354  2.67741  2.69355  4.24690  2.90347  2.73739  3.18146  2.89801  2.37887  2.77519  2.98518  4.58477  3.61503
          0.32036  5.66802  1.30690  0.61958  0.77255  1.25368  0.33611
    141   2.68291  5.34792  2.76677  2.15487  4.15031  2.78225  3.70844  3.97502  2.22218  3.26146  4.38220  2.94541  3.77347  2.44513  1.91343  2.74898  3.03215  3.58102  5.74970  4.20891   4580 r - - -
          2.68618  4.42225  2.77519  2.73123  3.46354  2.40513  3.72494  3.29354  2.67741  2.69355  4.24690  2.90347  2.73739  3.18146  2.89801  2.37887  2.77519  2.98518  4.58477  3.61503
          0.03580  5.41471  3.48307  0.61958  0.77255  1.79509  0.18166
    142   2.76901  3.53911  3.35229  3.17856  3.47779  3.35742  3.87050  2.05883  3.10208  2.41081  3.45448  2.83614  2.66821  3.46168  3.27122  3.19899  3.00272  2.22637  4.52808  3.11018   4581 i - - -
          2.68618  4.42225  2.77519  2.73123  3.46354  2.40513  3.72494  3.29354  2.67741  2.69355  4.24690  2.90347  2.73739  3.18146  2.89801  2.37887  2.77519  2.98518  4.58477  3.61503
          0.03972  5.40763  3.36790  0.61958  0.77255  0.69893  0.68739
    143   2.98198  5.38125  3.47201  2.94620  4.13057  3.87871  3.83148  3.68020  2.81163  3.48517  4.53424  3.50872  3.23399  3.32388  0.79480  3.17564  3.34285  3.57033  5.73743  4.55801   4582 r - - -
          2.68618  4.42225  2.77519  2.73123  3.46354  2.40513  3.72494  3.29354  2.67741  2.69355  4.24690  2.90347  2.73739  3.18146  2.89801  2.37887  2.77519  2.98518  4.58477  3.61503
          0.01987  5.68897  4.11690  0.61958  0.77255  1.34072  0.30335
    144   2.55886  4.78289  3.58061  2.98564  4.23354  3.60173  3.88230  3.70268  2.15234  3.02807  3.85228  3.32304  3.31110  3.23185  1.46944  2.68252  2.70899  3.03742  5.38684  3.39947   4583 r - - -
          2.68610  4.42228  2.77523  2.73125  3.46357  2.40513  3.72498  3.29352  2.67744  2.69340  4.24689  2.90350  2.73742  3.18145  2.89802  2.37889  2.77523  2.98514  4.58480  3.61506
          0.05077  3.69211  3.70586  0.61970  0.77242  1.34503  0.30182
    145   3.25441  4.47526  5.25588  4.63908  2.70709  4.48606  4.81075  2.06263  4.28961  0.82771  3.14469  4.64991  3.60236  4.53886  4.10697  3.60583  3.40421  2.63213  4.66000  3.80421   4587 l - - -
          2.68618  4.42225  2.77519  2.73123  3.46354  2.40513  3.72494  3.29354  2.67741  2.69355  4.24690  2.90347  2.73739  3.18146  2.89801  2.37887  2.77519  2.98518  4.58477  3.61503
          0.00523  5.69927  6.28508  0.61958  0.77255  1.33217  0.30640
    146   2.86091  5.30590  3.42819  2.95781  4.77298  3.52779  4.19395  4.03595  3.03239  3.62520  4.15547  3.33783  4.27662  3.22018  3.28161  1.98204  0.95244  3.60118  5.67528  4.49965   4588 t - - -
          2.68618  4.42225  2.77519  2.73123  3.46354  2.40513  3.72494  3.29354  2.67741  2.69355  4.24690  2.90347  2.73739  3.18146  2.89801  2.37887  2.77519  2.98518  4.58477  3.61503
          0.00878  5.72251  5.20853  0.61958  0.77255  1.24987  0.33763
    147   2.63703  4.38399  4.37020  3.67001  3.66417  3.80885  4.04038  2.31680  3.85946  2.46619  3.67662  3.67238  1.41506  4.21741  4.12228  3.15584  3.22570  1.73946  5.06157  3.96343   4589 p - - -
          2.68615  4.42227  2.77522  2.73125  3.46356  2.40511  3.72497  3.29356  2.67743  2.69357  4.24692  2.90349  2.73730  3.18149  2.89803  2.37883  2.77519  2.98521  4.58470  3.61505
          0.04499  4.74143  3.34474  0.95656  0.48485  1.39551  0.28463
    148   2.79421  5.57918  3.29230  2.50495  4.72813  3.71079  3.84447  3.67058  2.47442  2.75139  4.27644  3.29749  3.83831  3.04740  1.18004  3.00195  2.82586  3.37002  6.01347  4.19484   4595 r - - -
          2.68618  4.42225  2.77519  2.73123  3.46354  2.40513  3.72494  3.29354  2.67741  2.69355  4.24690  2.90347  2.73739  3.18146  2.89801  2.37887  2.77519  2.98518  4.58477  3.61503
          0.00988  5.71605  5.02958  0.61958  0.77255  1.14470  0.38319
    149   3.13646  5.31744  3.24264  0.72932  4.35833  3.78717  3.73189  4.16934  2.89223  3.93911  3.69950  3.27219  4.02875  3.07255  3.23091  3.12875  3.37010  3.71243  5.83815  4.73296   4596 e - - -
          2.68638  4.42213  2.77528  2.73139  3.46402  2.40526  3.72515  3.29338  2.67703  2.69304  4.24669  2.90364  2.73750  3.18187  2.89753  2.37903  2.77507  2.98491  4.58484  3.61535
          0.06602  2.93290  4.54290  2.41180  0.09393  1.28643  0.32332
    150   1.60809  1.54436  4.32006  3.99768  3.83694  3.39459  4.38560  3.06089  3.78232  2.50137  3.20801  3.77906  4.58093  4.05878  3.42506  3.18024  3.10635  2.56078  4.47056  3.29418   4645 c - - -
          2.68618  4.42225  2.77520  2.73123  3.46354  2.40511  3.72495  3.29354  2.67740  2.69355  4.24690  2.90346  2.73740  3.18146  2.89800  2.37887  2.77520  2.98517  4.58474  3.61503
          0.03542  4.74616  3.64521  0.50241  0.92904  1.28278  0.32471
    151   1.22549  4.67518  3.56176  2.10341  3.24397  3.03790  4.11915  3.52152  2.87257  2.63856  3.74562  3.67709  4.27691  3.32257  3.27720  3.08830  3.36563  3.45775  3.81164  4.16498   4647 a - - -
          2.68618  4.42225  2.77518  2.73123  3.46354  2.40513  3.72495  3.29354  2.67741  2.69355  4.24690  2.90347  2.73738  3.18146  2.89801  2.37887  2.77520  2.98518  4.58477  3.61503
          0.03767  5.37163  3.43206  0.62535  0.76588  1.32498  0.30899
    152   2.89207  4.30101  3.84986  3.26853  4.09566  3.93905  4.12620  3.12226  2.87806  2.74127  3.86994  3.58018  4.33932  3.41090  0.88924  3.18130  3.29356  3.10689  4.36079  4.36779   4650 r - - -
          2.68618  4.42225  2.77520  2.73123  3.46354  2.40513  3.72494  3.29354  2.67740  2.69353  4.24690  2.90347  2.73740  3.18146  2.89801  2.37887  2.77520  2.98518  4.58477  3.61503
          0.00793  5.30700  5.82840  0.57924  0.82172  1.41909  0.27699
    153   3.03454  4.51200  4.67294  4.29194  3.42787  4.26247  4.70930  1.82548  4.33710  0.84079  3.33597  4.34517  4.46189  4.27865  4.20424  3.62730  3.39544  2.45730  5.34167  4.05638   4652 l - - -
          2.68616  4.42196  2.77522  2.73123  3.46353  2.40517  3.72486  3.29358  2.67746  2.69352  4.24683  2.90353  2.73728  3.18153  2.89790  2.37890  2.77522  2.98520  4.58483  3.61499
          0.03652  4.37072  3.76292  1.39681  0.28420  1.30448  0.31651
    154   2.96885  4.73504  3.31261  3.03619  4.17796  4.00438  3.80673  3.93675  2.93838  3.58903  2.34342  3.37847  4.23023  0.91352  3.41985  3.02336  3.39102  3.62937  5.99773  4.63141   4671 q - - -
          2.68618  4.42225  2.77519  2.73123  3.46354  2.40513  3.72494  3.29354  2.67741  2.69355  4.24690  2.90347  2.73739  3.18146  2.89801  2.37887  2.77519  2.98518  4.58477  3.61503
          0.01825  5.55164  4.25402  0.60373  0.79136  1.27625  0.32723
    155   3.05116  5.44598  3.37698  2.90827  4.77819  1.18348  3.99538  4.34253  2.90519  3.91383  4.29803  3.33402  4.21794  3.28552  3.24153  2.00735  2.02981  3.92821  6.04193  4.53985   4673 g - - -
          2.68618  4.42225  2.77519  2.73123  3.46354  2.40513  3.72494  3.29354  2.67741  2.69355  4.24690  2.90347  2.73739  3.18146  2.89801  2.37887  2.77519  2.98518  4.58477  3.61503
          0.01758  5.74096  4.25331  0.61958  0.77255  1.36608  0.29451
    156   3.17754  4.72782  5.04497  4.42014  0.77373  4.27757  4.55909  2.88047  4.18418  2.29641  3.57202  4.48793  4.82750  4.07830  3.75971  3.55715  3.51204  2.69229  4.24643  3.09178   4674 f - - -
          2.68618  4.42225  2.77519  2.73123  3.46354  2.40513  3.72494  3.29354  2.67741  2.69355  4.24690  2.90347  2.73739  3.18146  2.89801  2.37887  2.77519  2.98518  4.58477  3.61503
          0.05554  5.73728  2.97976  0.61958  0.77255  1.45273  0.26648
    157   2.98544  4.80974  2.80263  2.74219  4.88873  3.73278  4.13339  4.05230  2.88239  3.81525  4.66787  3.42636  0.86815  3.26481  3.28255  2.75795  3.28690  3.82616  6.02135  4.51155   4675 p - - -
          2.68609  4.42231  2.77510  2.73108  3.46354  2.40511  3.72493  3.29357  2.67744  2.69356  4.24686  2.90349  2.73744  3.18152  2.89800  2.37891  2.77526  2.98522  4.58483  3.61509
          0.11757  4.40011  2.31618  1.41012  0.27986  1.50938  0.24980
    158   2.73097  5.46829  1.02687  2.46412  4.36800  3.49366  4.04344  3.77861  2.65425  3.51446  4.61740  3.21990  3.54396  3.07812  3.16239  2.91602  3.23904  3.63335  5.67986  4.30171   4694 d - - -
          2.68616  4.42238  2.77529  2.73104  3.46299  2.40516  3.72510  3.29355  2.67756  2.69347  4.24690  2.90361  2.73741  3.18135  2.89815  2.37900  2.77532  2.98530  4.58349  3.61446
          0.10542  2.52284  3.92081  0.98483  0.46761  1.08683  0.41141
    159   2.81861  5.41907  1.62999  2.27927  4.60584  2.64268  3.88372  4.36550  2.68909  3.80997  4.59970  2.40595  4.19698  3.08665  3.02462  2.47252  2.93039  3.99878  3.19331  3.63349   4698 d - - -
          2.68618  4.42225  2.77519  2.73123  3.46354  2.40512  3.72494  3.29354  2.67741  2.69355  4.24690  2.90346  2.73740  3.18146  2.89801  2.37887  2.77519  2.98518  4.58477  3.61503
          0.18989  5.46081  1.77961  0.62274  0.76889  1.54918  0.23879
    160   3.09934  4.52973  3.84176  4.15336  1.67695  4.09594  3.65148  2.90249  4.03394  2.61153  3.50469  4.29401  4.65929  4.27852  4.06251  3.47862  3.35344  2.74910  1.88353  1.79987   4701 f - - -
          2.68618  4.42225  2.77519  2.73123  3.46354  2.40513  3.72494  3.29354  2.67741  2.69355  4.24690  2.90347  2.73739  3.18146  2.89801  2.37887  2.77519  2.98518  4.58477  3.61503
          0.06518  5.49752  2.83018  0.61958  0.77255  1.84016  0.17292
    161   2.82987  3.45597  2.94573  2.37780  3.67012  3.75364  3.62241  2.99139  2.45309  3.35783  4.28462  3.05982  3.39781  2.54087  2.56987  2.85435  2.16052  2.68376  5.45785  3.79272   4702 t - - -
          2.68618  4.42225  2.77519  2.73123  3.46354  2.40513  3.72494  3.29354  2.67741  2.69355  4.24690  2.90347  2.73739  3.18146  2.89801  2.37887  2.77519  2.98518  4.58477  3.61503
          0.00765  5.43962  5.71895  0.61958  0.77255  0.27380  1.42913
    162   2.66204  5.17050  2.48934  2.75915  1.73795  3.40805  3.78748  3.51231  2.57758  2.70670  4.38354  3.05453  3.95773  3.13438  2.95448  2.66303  2.95402  3.47344  3.46811  4.16017   4703 f - - -
          2.68452  4.42381  2.77562  2.72879  3.46299  2.40590  3.72458  3.28669  2.67781  2.69304  4.24459  2.90667  2.74034  3.18557  2.89790  2.38258  2.77446  2.98143  4.57813  3.61161
          2.49993  0.09605  4.65756  2.82683  0.06102  0.96086  0.48218
    163   2.41740  4.37295  2.85131  2.75775  4.29924  3.13189  4.05748  3.56600  2.70953  3.34693  3.98249  2.78552  3.37956  3.04135  2.95009  2.02895  1.91338  2.98744  5.58215  3.69876   4911 t - - -
          2.68618  4.42225  2.77519  2.73123  3.46354  2.40513  3.72494  3.29354  2.67741  2.69355  4.24690  2.90347  2.73739  3.18146  2.89801  2.37887  2.77519  2.98518  4.58477  3.61503
          0.38077  5.89456  1.15864  0.61958  0.77255  0.94965  0.48919
    164   1.96687  5.26829  2.72258  2.35999  4.59512  3.67556  3.66043  3.81042  2.35537  3.62001  4.32117  2.88795  3.17691  1.87457  3.05891  2.42212  3.02280  3.74512  5.40886  4.31750   4912 q - - -
          2.68618  4.42225  2.77522  2.73124  3.46356  2.40515  3.72458  3.29356  2.67743  2.69355  4.24691  2.90348  2.73741  3.18148  2.89803  2.37889  2.77521  2.98520  4.58402  3.61505
          0.02509  3.81387  5.90837  0.60128  0.79431  1.25539  0.33542
    165   2.04711  4.60076  3.49660  2.62528  4.62857  3.37589  4.02355  2.85735  2.55681  2.50703  3.54303  3.33998  4.14287  2.11840  2.17344  2.94045  3.04291  3.04734  5.21392  4.41563   4915 a - - -
          2.68618  4.42225  2.77519  2.73123  3.46354  2.40513  3.72494  3.29354  2.67741  2.69355  4.24690  2.90347  2.73739  3.18146  2.89801  2.37887  2.77519  2.98518  4.58477  3.61503
          0.01039  5.61863  5.00481  0.61958  0.77255  1.62916  0.21827
    166   2.60514  3.95995  4.62256  3.98420  2.50388  3.68522  4.21444  2.99889  3.85147  2.57987  3.21631  4.22020  4.28603  3.66464  3.07321  3.46904  3.37562  2.83267  4.26386  1.10448   4916 y - - -
          2.68618  4.42225  2.77519  2.73123  3.46354  2.40513  3.72494  3.29354  2.67741  2.69355  4.24690  2.90347  2.73739  3.18146  2.89801  2.37887  2.77519  2.98518  4.58477  3.61503
          0.01202  5.62099  4.78791  0.61958  0.77255  1.58123  0.23032
    167   3.00285  5.64958  3.25325  2.50991  3.89552  3.79519  3.51837  4.35187  1.39358  3.76482  4.30115  3.28369  4.07056  2.37730  1.87220  2.90700  2.80658  3.72718  5.72019  4.33329   4917 k - - -
          2.68618  4.42225  2.77519  2.73123  3.46354  2.40513  3.72494  3.29354  2.67741  2.69355  4.24690  2.90347  2.73739  3.18146  2.89801  2.37887  2.77519  2.98518  4.58477  3.61503
          0.02607  5.62732  3.81042  0.61958  0.77255  1.60377  0.22456
    168   2.34582  3.79851  4.06339  3.25836  3.91323  3.89044  4.22160  3.20909  3.34863  2.49219  2.69079  3.86834  4.58145  1.08240  3.61836  3.25885  3.26661  2.94788  5.43070  4.20804   4918 q - - -
          2.68617  4.42226  2.77520  2.73124  3.46355  2.40513  3.72492  3.29355  2.67741  2.69353  4.24674  2.90348  2.73740  3.18147  2.89801  2.37886  2.77518  2.98519  4.58478  3.61504
          0.00946  4.90181  6.22269  0.75429  0.63553  1.51732  0.24756
    169   2.15237  4.22542  5.12823  4.57128  2.82677  4.43891  4.67511  1.38336  4.34292  1.94858  3.31750  3.98746  4.68233  4.49254  4.38029  3.41362  3.28458  1.87462  3.37539  3.88258   4923 i - - -
          2.68619  4.42209  2.77520  2.73124  3.46356  2.40516  3.72483  3.29355  2.67742  2.69348  4.24686  2.90348  2.73740  3.18148  2.89799  2.37891  2.77520  2.98516  4.58481  3.61495
          0.01505  4.32682  6.36024  1.14859  0.38138  1.59291  0.22732
    170   3.07837  4.54255  4.14041  3.73365  4.70185  0.45238  4.81289  3.85477  3.68930  3.64094  4.63436  3.96781  4.68021  4.06503  3.80523  3.35845  3.47919  3.70198  6.05489  4.85092   4935 G - - -
          2.68618  4.42225  2.77519  2.73123  3.46354  2.40513  3.72494  3.29354  2.67741  2.69355  4.24690  2.90347  2.73739  3.18146  2.89801  2.37887  2.77519  2.98518  4.58477  3.61503
          0.00728  5.64567  5.59449  0.61958  0.77255  1.64213  0.21513
    171   3.18658  5.08425  3.00696  2.68236  4.99218  3.88485  3.86785  4.41687  2.85008  3.93050  4.17785  0.76403  4.24949  3.24018  3.20124  3.02904  3.17525  4.02985  6.11054  4.46902   4936 n - - -
          2.68618  4.42225  2.77519  2.73123  3.46354  2.40513  3.72494  3.29354  2.67741  2.69355  4.24690  2.90347  2.73739  3.18146  2.89801  2.37887  2.77519  2.98518  4.58477  3.61503
          0.00826  5.64405  5.36305  0.61958  0.77255  1.60638  0.22391
    172   1.09208  5.26899  3.51878  2.99628  4.43798  2.45212  4.14930  4.08433  2.98749  3.43331  4.44711  3.54101  4.28284  3.29532  3.40207  1.78066  3.36110  3.69628  5.75202  4.56457   4937 a - - -
          2.68618  4.42225  2.77519  2.73123  3.46354  2.40513  3.72494  3.29354  2.67741  2.69355  4.24690  2.90347  2.73739  3.18146  2.89801  2.37887  2.77519  2.98518  4.58477  3.61503
          0.00983  5.64597  5.07547  0.61958  0.77255  1.33953  0.30377
    173   2.99095  4.05821  4.57186  4.50579  3.13524  4.27390  4.63763  2.27797  4.12805  2.50433  3.35015  4.63163  4.77326  4.41415  4.44191  3.55882  3.05156  0.77625  4.62695  3.87075   4938 v - - -
          2.68604  4.42242  2.77513  2.73129  3.46343  2.40524  3.72499  3.29360  2.67739  2.69327  4.24681  2.90371  2.73760  3.18150  2.89772  2.37910  2.77517  2.98480  4.58484  3.61522
          0.07104  3.09379  3.76173  1.84032  0.17289  1.56208  0.23534
    174   2.02085  3.44338  4.05644  3.64235  3.92337  4.11619  4.50365  3.22640  3.63314  2.98675  3.86585  3.74400  1.28848  3.92041  3.77072  2.90124  2.49049  2.21774  5.49434  4.24648   4952 p - - -
          2.68618  4.42225  2.77519  2.73123  3.46354  2.40513  3.72494  3.29354  2.67741  2.69355  4.24690  2.90347  2.73739  3.18146  2.89801  2.37887  2.77519  2.98518  4.58477  3.61503
          0.04054  5.66141  3.31721  0.61958  0.77255  1.60579  0.22406
    175   2.78631  3.90641  4.95292  4.42106  3.49303  4.17320  4.74200  2.58934  3.97948  2.23286  3.66293  4.42680  1.52257  4.17910  4.06535  3.28602  3.06104  1.40785  5.28478  3.84300   4953 v - - -
          2.68618  4.42225  2.77519  2.73123  3.46354  2.40513  3.72494  3.29354  2.67741  2.69355  4.24690  2.90347  2.73739  3.18146  2.89801  2.37887  2.77519  2.98518  4.58477  3.61503
          0.00536  5.62757  6.34992  0.61958  0.77255  1.56601  0.23430
    176   2.90352  5.37294  2.80566  2.63866  4.29313  3.41655  3.99863  3.64138  2.56519  2.15121  4.19200  2.65681  1.70369  3.03055  2.94685  2.99384  2.94330  3.33238  5.75567  4.22936   4954 p - - -
          2.68618  4.42225  2.77519  2.73123  3.46354  2.40513  3.72494  3.29354  2.67741  2.69355  4.24690  2.90347  2.73739  3.18146  2.89801  2.37887  2.77519  2.98518  4.58477  3.61503
          0.00847  5.64027  5.32262  0.61958  0.77255  1.54815  0.23907
    177   2.72086  2.77009  4.71038  4.26487  3.11888  3.80880  4.71537  2.52352  4.38207  1.43777  2.63860  3.81260  4.08425  4.28818  4.42057  3.63541  3.49782  1.50320  4.61332  4.02397   4955 l - - -
          2.68618  4.42225  2.77519  2.73123  3.46354  2.40513  3.72494  3.29354  2.67741  2.69355  4.24690  2.90347  2.73739  3.18146  2.89801  2.37887  2.77519  2.98518  4.58477  3.61503
          0.00801  5.64973  5.41315  0.61958  0.77255  1.37915  0.29008
    178   1.39405  4.55617  4.24068  4.37475  2.91410  2.71370  4.68423  2.10799  4.06051  2.48113  3.27120  3.98186  4.09616  4.42124  4.33838  2.95162  3.33286  1.93161  5.22506  3.66055   4956 a - - -
          2.68611  4.42234  2.77546  2.73060  3.46367  2.40547  3.72511  3.29359  2.67677  2.69380  4.24717  2.90372  2.73776  3.18133  2.89739  2.37916  2.77541  2.98546  4.58448  3.61355
          0.64678  0.75036  5.50295  0.03296  3.42888  1.58271  0.22994
    179   1.68262  4.50056  3.02526  2.18411  3.75183  3.70844  3.40799  3.51565  2.36433  3.49439  4.35551  3.03584  4.03210  2.65938  2.71842  2.98762  2.89428  3.19630  4.87755  3.27470   4958 a - - -
          2.68618  4.42226  2.77512  2.73116  3.46355  2.40513  3.72496  3.29355  2.67742  2.69356  4.24691  2.90346  2.73741  3.18146  2.89802  2.37888  2.77521  2.98520  4.58478  3.61504
          0.03262  3.80587  4.62004  0.35923  1.19804  1.56430  0.23475
    180   2.27929  4.36441  4.27818  3.53673  2.97703  4.04387  3.01237  1.59951  3.73698  2.18344  3.56556  4.14065  4.73806  3.55133  3.42383  3.42421  3.16873  2.07208  3.89861  2.98038   4960 i - - -
          2.68637  4.42262  2.77548  2.73152  3.46381  2.40549  3.72527  3.29036  2.67765  2.69305  4.24661  2.90357  2.73766  3.18179  2.89820  2.37918  2.77548  2.98384  4.58494  3.61532
          0.57369  0.83389  6.11865  0.10224  2.33107  1.59400  0.22704
    181   1.27291  4.38499  4.53229  4.11521  3.15370  1.97085  4.58371  2.72589  3.62925  2.11494  2.90680  4.37032  4.68759  4.29370  3.96024  3.42493  3.32463  2.64080  5.29995  3.84072   4966 a - - -
          2.68618  4.42225  2.77519  2.73123  3.46354  2.40513  3.72494  3.29354  2.67741  2.69355  4.24690  2.90347  2.73739  3.18146  2.89801  2.37887  2.77519  2.98518  4.58477  3.61503
          0.02491  5.66930  3.85618  0.61958  0.77255  1.44455  0.26899
    182   2.63050  4.26095  2.83550  2.14549  4.76438  3.46460  3.77586  4.03519  1.96600  2.97702  3.71671  2.74801  4.14071  2.66452  2.11090  2.50796  3.06081  3.66962  5.75688  4.21292   4967 k - - -
          2.68618  4.42225  2.77519  2.73123  3.46354  2.40513  3.72494  3.29354  2.67741  2.69355  4.24690  2.90347  2.73739  3.18146  2.89801  2.37887  2.77519  2.98518  4.58477  3.61503
          0.02759  5.66832  3.73978  0.61958  0.77255  1.59885  0.22581
    183   2.03533  4.34068  3.39692  2.34660  4.24953  2.56462  3.18985  3.90559  2.35332  3.22419  4.30032  3.05276  3.79931  2.56756  2.57325  2.34520  2.98873  3.28533  5.36384  4.17875   4968 a - - -
          2.68618  4.42225  2.77519  2.73123  3.46354  2.40513  3.72494  3.29354  2.67741  2.69355  4.24690  2.90347  2.73739  3.18146  2.89801  2.37887  2.77519  2.98518  4.58477  3.61503
          0.01059  5.64607  4.96095  0.61958  0.77255  1.50858  0.25003
    184   2.91525  4.20778  4.34235  4.48370  3.37795  4.43051  4.42549  1.25663  4.40929  1.55027  2.91463  3.94296  4.24108  4.46429  4.35708  3.65132  3.47093  1.93811  5.23505  3.86369   4969 i - - -
          2.68618  4.42225  2.77519  2.73123  3.46354  2.40513  3.72494  3.29354  2.67741  2.69355  4.24690  2.90347  2.73739  3.18146  2.89801  2.37887  2.77519  2.98518  4.58477  3.61503
          0.00919  5.65659  5.17579  0.61958  0.77255  1.62038  0.22043
    185   2.19311  3.45537  3.68572  3.03353  3.53868  3.94014  3.99767  2.61760  2.26443  1.91931  3.50728  3.54512  3.75210  3.28770  2.77397  2.93016  3.24603  2.53156  5.36699  3.36346   4970 l - - -
          2.68618  4.42225  2.77519  2.73123  3.46354  2.40513  3.72494  3.29354  2.67741  2.69355  4.24690  2.90347  2.73739  3.18146  2.89801  2.37887  2.77519  2.98518  4.58477  3.61503
          0.01409  5.65134  4.55848  0.61958  0.77255  1.62727  0.21874
    186   2.56294  5.55328  2.66069  1.95055  4.32479  3.38396  3.73478  3.91419  1.99609  3.37988  4.27902  2.55952  3.37736  2.64413  2.64713  2.62034  3.02487  3.74173  5.19383  3.56887   4971 e - - -
          2.68618  4.42225  2.77519  2.73123  3.46354  2.40513  3.72494  3.29354  2.67741  2.69355  4.24690  2.90347  2.73739  3.18146  2.89801  2.37887  2.77519  2.98518  4.58477  3.61503
          0.01784  5.64154  4.25938  0.61958  0.77255  1.63567  0.21669
    187   2.14848  4.46158  3.26713  2.73935  2.94673  3.49098  3.31568  2.80697  2.89532  2.73269  3.86073  3.08572  3.51035  2.84433  3.03109  2.65974  2.79678  2.50150  5.14129  3.05327   4972 a - - -
          2.68618  4.42225  2.77519  2.73123  3.46354  2.40513  3.72494  3.29354  2.67741  2.69355  4.24690  2.90347  2.73739  3.18146  2.89801  2.37887  2.77519  2.98518  4.58477  3.61503
          0.02066  5.62876  4.08339  0.61958  0.77255  1.53340  0.24309
    188   2.74524  4.23526  3.75277  3.07297  2.80315  3.88637  4.28623  2.19819  3.61797  1.23175  3.33054  3.82096  4.02661  3.92392  3.47179  3.26118  3.24450  2.54982  4.17003  3.51256   4973 l - - -
          2.68618  4.42225  2.77519  2.73123  3.46354  2.40513  3.72494  3.29354  2.67741  2.69355  4.24690  2.90347  2.73739  3.18146  2.89801  2.37887  2.77519  2.98518  4.58477  3.61503
          0.04992  5.62733  3.09889  0.61958  0.77255  1.65286  0.21258
    189   2.57732  4.50978  2.57292  2.11934  3.98343  3.17938  3.76508  3.87910  2.32845  2.79277  4.23369  2.57459  3.26860  2.68006  2.72755  2.56979  2.84692  3.39179  5.59076  3.95304   4974 e - - -
          2.68618  4.42225  2.77519  2.73123  3.46354  2.40513  3.72494  3.29354  2.67741  2.69355  4.24690  2.90347  2.73739  3.18146  2.89801  2.37887  2.77519  2.98518  4.58477  3.61503
          0.10092  5.57732  2.38365  0.61958  0.77255  1.70910  0.19971
    190   2.61864  4.38031  2.89736  2.25416  3.73585  2.71140  3.68802  3.54841  2.03363  2.91594  4.27606  2.70268  3.50531  2.51901  2.79075  2.56123  2.99549  3.58746  5.73898  4.24325   4975 k - - -
          2.68600  4.42223  2.77528  2.73119  3.46372  2.40529  3.72490  3.29308  2.67736  2.69330  4.24690  2.90343  2.73757  3.18148  2.89811  2.37899  2.77528  2.98508  4.58497  3.61490
          0.58849  0.88906  3.38748  0.04558  3.11096  0.38813  1.13422
    191   2.63158  5.12794  2.71918  2.17729  3.85272  2.91366  3.71624  3.11149  2.36079  2.85643  4.25314  2.91332  2.93039  2.77047  2.86947  2.70518  2.87891  3.06283  4.79909  3.59893   4977 e - - -
          2.68040  4.42263  2.78199  2.71820  3.44194  2.43047  3.74357  3.23946  2.67142  2.66829  4.22525  2.90689  2.76132  3.18483  2.89430  2.40231  2.78934  2.97225  4.55786  3.59962
          1.97295  0.14971        *  4.60278  0.01007  0.00000        *
//
