HMMER3/f [3.1b2 | February 2015]
NAME  339YV.faa.final_tree.fa
LENG  195
ALPH  amino
RF    no
MM    no
CONS  yes
CS    no
MAP   yes
DATE  Fri Aug  3 19:48:26 2018
NSEQ  10
EFFN  1.420898
CKSUM 2061903507
STATS LOCAL MSV      -10.7037  0.70567
STATS LOCAL VITERBI  -11.2658  0.70567
STATS LOCAL FORWARD   -4.8454  0.70567
HMM          A        C        D        E        F        G        H        I        K        L        M        N        P        Q        R        S        T        V        W        Y   
            m->m     m->i     m->d     i->m     i->i     d->m     d->d
  COMPO   2.77623  4.52563  3.25839  2.92441  2.94059  3.28865  3.90353  2.34673  2.77122  2.17741  3.44202  2.98705  3.52631  3.27673  3.24850  2.71259  2.84378  2.47249  4.61204  3.08932
          2.68634  4.42241  2.77536  2.73140  3.46370  2.40529  3.72511  3.29370  2.67691  2.69349  4.24306  2.90363  2.73756  3.18085  2.89817  2.37903  2.77536  2.98505  4.58493  3.61519
          0.76902  1.32160  1.30997  0.98054  0.47018  0.00000        *
      1   2.80640  4.42323  3.83543  3.24625  3.32048  3.80644  4.03215  2.60485  2.95752  1.70606  2.06837  3.60085  4.15832  3.38234  2.57049  3.09313  3.03441  2.52718  4.95653  3.75701      8 l - - -
          2.68618  4.42225  2.77519  2.73123  3.46354  2.40513  3.72494  3.29354  2.67741  2.69355  4.24690  2.90347  2.73739  3.18146  2.89801  2.37887  2.77519  2.98518  4.58477  3.61503
          0.02518  4.09004  4.81239  0.61958  0.77255  0.82710  0.57504
      2   2.73193  5.11650  2.14805  2.01854  4.45562  2.34965  3.69979  3.91484  2.56467  3.45935  4.26214  2.82392  3.82633  2.84265  3.07884  2.69815  2.25445  3.52149  5.64947  4.24101      9 e - - -
          2.68618  4.42225  2.77519  2.73123  3.46354  2.40513  3.72494  3.29354  2.67741  2.69355  4.24690  2.90347  2.73739  3.18146  2.89801  2.37887  2.77519  2.98518  4.58477  3.61503
          0.02518  4.09004  4.81239  0.61958  0.77255  0.82710  0.57504
      3   2.60397  4.48581  3.24026  2.69558  3.66180  2.98043  3.73946  2.60681  2.35409  2.17998  3.58998  2.76301  3.89576  2.98509  2.99847  2.74773  2.83803  2.76637  5.04818  3.78416     10 l - - -
          2.68618  4.42225  2.77519  2.73123  3.46354  2.40513  3.72494  3.29354  2.67741  2.69355  4.24690  2.90347  2.73739  3.18146  2.89801  2.37887  2.77519  2.98518  4.58477  3.61503
          0.02518  4.09004  4.81239  0.61958  0.77255  0.52468  0.89586
      4   2.85426  3.09353  4.67375  4.07669  2.27570  4.04535  4.36972  1.90130  3.90503  1.75633  2.20680  4.15559  4.36754  4.03396  3.96148  3.36072  3.08406  2.23591  4.83683  3.67998     11 l - - -
          2.68618  4.42225  2.77519  2.73123  3.46354  2.40513  3.72494  3.29354  2.67741  2.69355  4.24690  2.90347  2.73739  3.18146  2.89801  2.37887  2.77519  2.98518  4.58477  3.61503
          0.02109  4.26517  4.98752  0.61958  0.77255  0.65935  0.72812
      5   2.78879  4.22638  4.31855  3.74579  1.94904  3.91321  4.18163  1.88879  3.61201  1.90578  3.21106  3.92038  4.26768  3.81174  3.76637  2.61720  3.02461  2.28361  4.74916  3.48091     12 i - - -
          2.68618  4.42225  2.77519  2.73123  3.46354  2.40513  3.72494  3.29354  2.67741  2.69355  4.24690  2.90347  2.73739  3.18146  2.89801  2.37887  2.77519  2.98518  4.58477  3.61503
          0.02109  4.26517  4.98752  0.61958  0.77255  0.65935  0.72812
      6   3.26350  5.35825  3.67158  2.98945  4.86147  3.83478  3.75340  4.20019  0.87995  3.60714  4.48839  3.37232  4.20315  2.88707  1.90974  3.25091  3.41889  3.88082  5.61039  4.47081     13 k - - -
          2.68618  4.42225  2.77519  2.73123  3.46354  2.40513  3.72494  3.29354  2.67741  2.69355  4.24690  2.90347  2.73739  3.18146  2.89801  2.37887  2.77519  2.98518  4.58477  3.61503
          0.02109  4.26517  4.98752  0.61958  0.77255  0.65935  0.72812
      7   2.75198  4.16067  4.41996  3.82964  3.18924  3.91116  4.23254  1.69644  3.67534  1.77036  3.16493  3.96615  4.25901  3.86019  3.79192  3.21573  2.62401  2.00868  3.23027  3.61562     14 i - - -
          2.68618  4.42225  2.77519  2.73123  3.46354  2.40513  3.72494  3.29354  2.67741  2.69355  4.24690  2.90347  2.73739  3.18146  2.89801  2.37887  2.77519  2.98518  4.58477  3.61503
          0.02109  4.26517  4.98752  0.61958  0.77255  0.65935  0.72812
      8   2.62441  4.18898  3.81679  3.24125  2.52012  3.67644  3.96015  2.15430  3.15600  2.36795  2.86343  3.54881  4.05053  2.86601  3.42057  2.60807  2.47843  2.43429  4.79086  3.58328     15 i - - -
          2.68618  4.42225  2.77519  2.73123  3.46354  2.40513  3.72494  3.29354  2.67741  2.69355  4.24690  2.90347  2.73739  3.18146  2.89801  2.37887  2.77519  2.98518  4.58477  3.61503
          0.02109  4.26517  4.98752  0.61958  0.77255  0.65935  0.72812
      9   3.54901  4.84081  5.15698  4.63278  3.21027  4.82163  5.14734  1.92203  4.44134  0.69995  3.01040  4.88168  4.98260  4.55628  4.53488  4.21833  3.77875  2.32575  5.35931  4.26758     16 l - - -
          2.68618  4.42225  2.77519  2.73123  3.46354  2.40513  3.72494  3.29354  2.67741  2.69355  4.24690  2.90347  2.73739  3.18146  2.89801  2.37887  2.77519  2.98518  4.58477  3.61503
          0.02109  4.26517  4.98752  0.61958  0.77255  0.65935  0.72812
     10   3.92444  5.10086  4.91547  4.66021  0.71404  4.63328  3.64190  3.51652  4.48833  2.78963  4.10340  4.31270  4.93455  4.39379  4.46557  4.02595  4.14683  3.47510  3.75949  1.71197     17 f - - -
          2.68618  4.42225  2.77519  2.73123  3.46354  2.40513  3.72494  3.29354  2.67741  2.69355  4.24690  2.90347  2.73739  3.18146  2.89801  2.37887  2.77519  2.98518  4.58477  3.61503
          0.02109  4.26517  4.98752  0.61958  0.77255  0.65935  0.72812
     11   3.40114  4.68121  5.17573  4.61533  2.62375  4.71416  4.99242  1.35037  4.48293  1.12792  3.02702  4.79150  4.88794  4.52645  4.54022  4.07167  3.62329  2.22831  5.22630  4.08671     18 l - - -
          2.68618  4.42225  2.77519  2.73123  3.46354  2.40513  3.72494  3.29354  2.67741  2.69355  4.24690  2.90347  2.73739  3.18146  2.89801  2.37887  2.77519  2.98518  4.58477  3.61503
          0.02109  4.26517  4.98752  0.61958  0.77255  0.65935  0.72812
     12   2.56364  4.34683  3.64840  3.16115  3.76219  3.43873  4.10029  2.06751  3.10150  2.77823  3.71220  3.46736  3.98805  3.42075  3.42744  1.56451  2.37779  2.64468  5.22651  3.99437     19 s - - -
          2.68618  4.42225  2.77519  2.73123  3.46354  2.40513  3.72494  3.29354  2.67741  2.69355  4.24690  2.90347  2.73739  3.18146  2.89801  2.37887  2.77519  2.98518  4.58477  3.61503
          0.02109  4.26517  4.98752  0.61958  0.77255  0.65935  0.72812
     13   1.95835  4.30993  3.63840  3.41217  4.55429  3.07364  4.48222  3.95006  3.48564  3.67917  4.51701  3.50774  3.85329  3.76976  3.76918  0.83875  2.88066  3.36551  5.90530  4.69343     20 s - - -
          2.68618  4.42225  2.77519  2.73123  3.46354  2.40513  3.72494  3.29354  2.67741  2.69355  4.24690  2.90347  2.73739  3.18146  2.89801  2.37887  2.77519  2.98518  4.58477  3.61503
          0.02109  4.26517  4.98752  0.61958  0.77255  0.65935  0.72812
     14   3.86412  5.19139  4.44387  4.26227  2.42429  4.30788  3.87685  3.82616  4.11088  3.17385  4.46156  4.24193  4.77938  4.31704  4.20610  3.95415  4.15654  3.71704  4.07750  0.50054     21 Y - - -
          2.68618  4.42225  2.77519  2.73123  3.46354  2.40513  3.72494  3.29354  2.67741  2.69355  4.24690  2.90347  2.73739  3.18146  2.89801  2.37887  2.77519  2.98518  4.58477  3.61503
          0.02109  4.26517  4.98752  0.61958  0.77255  0.65935  0.72812
     15   2.82852  4.32876  4.18274  3.64978  3.43369  3.91586  4.33195  1.36369  3.51893  1.98167  3.38668  3.90350  4.31614  3.80451  3.74640  2.37987  3.09065  2.12662  5.07366  3.85397     22 i - - -
          2.68618  4.42225  2.77519  2.73123  3.46354  2.40513  3.72494  3.29354  2.67741  2.69355  4.24690  2.90347  2.73739  3.18146  2.89801  2.37887  2.77519  2.98518  4.58477  3.61503
          0.02109  4.26517  4.98752  0.61958  0.77255  0.65935  0.72812
     16   3.36101  5.03244  4.01270  3.92064  4.85314  3.69875  4.94877  4.52207  4.01611  4.09586  5.17395  4.17983  0.34100  4.39143  4.20051  3.54458  3.83592  4.11808  5.91089  4.98457     23 P - - -
          2.68618  4.42225  2.77519  2.73123  3.46354  2.40513  3.72494  3.29354  2.67741  2.69355  4.24690  2.90347  2.73739  3.18146  2.89801  2.37887  2.77519  2.98518  4.58477  3.61503
          0.02109  4.26517  4.98752  0.61958  0.77255  0.50563  0.92413
     17   3.60290  4.86850  5.30574  4.77346  3.26634  4.92654  5.26557  1.73414  4.60011  0.72564  3.04886  5.00884  5.06157  4.67250  4.67057  4.32345  3.82907  2.30934  5.43396  4.36949     24 l - - -
          2.68618  4.42225  2.77519  2.73123  3.46354  2.40513  3.72494  3.29354  2.67741  2.69355  4.24690  2.90347  2.73739  3.18146  2.89801  2.37887  2.77519  2.98518  4.58477  3.61503
          0.01960  4.33805  5.06039  0.61958  0.77255  0.56950  0.83428
     18   3.61645  4.97234  4.52313  4.14951  1.43889  4.41038  3.66617  3.53647  4.04545  2.97640  4.12625  2.75897  4.74634  4.11717  4.17537  3.74899  3.84232  3.38982  3.86377  1.05691     25 y - - -
          2.68618  4.42225  2.77519  2.73123  3.46354  2.40513  3.72494  3.29354  2.67741  2.69355  4.24690  2.90347  2.73739  3.18146  2.89801  2.37887  2.77519  2.98518  4.58477  3.61503
          0.01960  4.33805  5.06039  0.61958  0.77255  0.56950  0.83428
     19   2.65876  4.14257  4.08400  2.92152  2.73200  3.04268  4.06043  2.10775  3.38600  1.91298  2.80429  3.72429  4.12632  3.61194  3.57953  3.04360  2.89086  2.16625  4.75817  3.56594     26 l - - -
          2.68618  4.42225  2.77519  2.73123  3.46354  2.40513  3.72494  3.29354  2.67741  2.69355  4.24690  2.90347  2.73739  3.18146  2.89801  2.37887  2.77519  2.98518  4.58477  3.61503
          0.01960  4.33805  5.06039  0.61958  0.77255  0.43675  1.03883
     20   2.95389  4.32035  4.76427  4.16463  3.17473  4.14272  4.45898  1.94372  3.99151  1.57188  1.89747  4.25079  4.45250  4.10863  4.04372  3.45825  3.18112  2.07525  3.20788  3.76597     27 l - - -
          2.68618  4.42225  2.77519  2.73123  3.46354  2.40513  3.72494  3.29354  2.67741  2.69355  4.24690  2.90347  2.73739  3.18146  2.89801  2.37887  2.77519  2.98518  4.58477  3.61503
          0.01848  4.39636  5.11870  0.61958  0.77255  0.48576  0.95510
     21   3.39012  4.62702  5.33714  4.82040  3.67709  4.87310  5.40569  1.17513  4.72145  1.60076  3.44790  4.99034  5.08724  4.88729  4.84127  4.26419  3.63618  1.29960  5.72568  4.58237     28 i - - -
          2.68618  4.42225  2.77519  2.73123  3.46354  2.40513  3.72494  3.29354  2.67741  2.69355  4.24690  2.90347  2.73739  3.18146  2.89801  2.37887  2.77519  2.98518  4.58477  3.61503
          0.01848  4.39636  5.11870  0.61958  0.77255  0.48576  0.95510
     22   2.43641  4.18220  4.08908  3.50716  1.89461  3.78268  4.05482  2.36348  2.85755  2.08790  3.27597  3.73478  4.15003  3.62069  3.58628  3.06666  2.92402  2.41705  4.73911  2.90981     29 f - - -
          2.68618  4.42225  2.77519  2.73123  3.46354  2.40513  3.72494  3.29354  2.67741  2.69355  4.24690  2.90347  2.73739  3.18146  2.89801  2.37887  2.77519  2.98518  4.58477  3.61503
          0.01848  4.39636  5.11870  0.61958  0.77255  0.48576  0.95510
     23   2.77610  3.16005  4.11377  2.90093  3.36680  3.86079  4.19612  2.48941  3.42614  1.29985  3.32887  3.80803  4.23704  3.68832  3.64860  3.15669  3.01795  2.12368  4.94025  3.74652     30 l - - -
          2.68618  4.42225  2.77519  2.73123  3.46354  2.40513  3.72494  3.29354  2.67741  2.69355  4.24690  2.90347  2.73739  3.18146  2.89801  2.37887  2.77519  2.98518  4.58477  3.61503
          0.01848  4.39636  5.11870  0.61958  0.77255  0.48576  0.95510
     24   2.41772  5.04101  2.85426  2.50242  4.50449  3.42312  3.82798  3.95955  2.62739  3.51088  4.30738  1.57359  3.92949  2.51910  3.09027  2.13106  3.04013  3.55091  5.69394  4.32440     31 n - - -
          2.68618  4.42225  2.77519  2.73123  3.46354  2.40513  3.72494  3.29354  2.67741  2.69355  4.24690  2.90347  2.73739  3.18146  2.89801  2.37887  2.77519  2.98518  4.58477  3.61503
          0.01848  4.39636  5.11870  0.61958  0.77255  0.48576  0.95510
     25   2.68811  4.73097  2.77926  2.61826  3.93749  3.53190  3.77657  2.36294  2.63393  2.61724  3.82837  2.05403  3.93702  2.96992  3.07456  2.47146  2.92528  3.02587  5.27574  3.97165     32 n - - -
          2.68618  4.42225  2.77519  2.73123  3.46354  2.40513  3.72494  3.29354  2.67741  2.69355  4.24690  2.90347  2.73739  3.18146  2.89801  2.37887  2.77519  2.98518  4.58477  3.61503
          0.01848  4.39636  5.11870  0.61958  0.77255  0.48576  0.95510
     26   3.29098  4.60108  5.14905  4.55526  2.01630  4.54554  4.85483  2.01757  4.39621  1.24371  2.17931  4.66922  4.76494  4.42775  4.41268  3.88215  3.51020  2.09707  5.14697  4.07211     33 l - - -
          2.68618  4.42225  2.77519  2.73123  3.46354  2.40513  3.72494  3.29354  2.67741  2.69355  4.24690  2.90347  2.73739  3.18146  2.89801  2.37887  2.77519  2.98518  4.58477  3.61503
          0.01848  4.39636  5.11870  0.61958  0.77255  0.48576  0.95510
     27   2.42545  5.10268  2.66548  2.40251  4.41307  3.45859  3.66528  3.87208  1.93721  2.89321  4.16055  2.34872  2.90691  2.77834  2.90049  2.67091  2.92427  3.47588  5.56164  4.17501     34 k - - -
          2.68618  4.42225  2.77519  2.73123  3.46354  2.40513  3.72494  3.29354  2.67741  2.69355  4.24690  2.90347  2.73739  3.18146  2.89801  2.37887  2.77519  2.98518  4.58477  3.61503
          0.01848  4.39636  5.11870  0.61958  0.77255  0.48576  0.95510
     28   2.67885  5.05208  2.62451  2.24470  3.52214  3.46309  3.66561  3.79304  2.43096  3.33366  4.10850  2.61213  3.86154  2.29254  2.91408  2.27980  2.91102  3.41334  5.51633  2.91614     35 e - - -
          2.68618  4.42225  2.77519  2.73123  3.46354  2.40513  3.72494  3.29354  2.67741  2.69355  4.24690  2.90347  2.73739  3.18146  2.89801  2.37887  2.77519  2.98518  4.58477  3.61503
          0.01848  4.39636  5.11870  0.61958  0.77255  0.48576  0.95510
     29   2.65826  4.28497  3.70718  2.78565  2.42204  3.67940  3.94709  2.46151  2.67461  2.48927  3.39296  3.48955  4.05548  3.35108  3.37603  2.55673  2.55931  2.55017  3.64587  3.00259     36 f - - -
          2.68618  4.42225  2.77519  2.73123  3.46354  2.40513  3.72494  3.29354  2.67741  2.69355  4.24690  2.90347  2.73739  3.18146  2.89801  2.37887  2.77519  2.98518  4.58477  3.61503
          0.01848  4.39636  5.11870  0.61958  0.77255  0.48576  0.95510
     30   2.72503  5.02653  2.94722  2.26574  4.29447  3.48717  3.70717  3.73671  2.21782  3.30045  4.09782  2.68427  3.89988  2.84185  2.93141  1.80453  2.95861  3.38206  5.50034  2.77958     37 s - - -
          2.68618  4.42225  2.77519  2.73123  3.46354  2.40513  3.72494  3.29354  2.67741  2.69355  4.24690  2.90347  2.73739  3.18146  2.89801  2.37887  2.77519  2.98518  4.58477  3.61503
          0.01848  4.39636  5.11870  0.61958  0.77255  0.48576  0.95510
     31   2.68641  4.19973  4.01740  3.44363  2.41937  3.76328  4.05496  1.82394  3.34020  2.17571  3.30842  3.13574  4.13840  3.58349  3.56113  2.35805  2.92160  2.41080  4.78753  3.56294     38 i - - -
          2.68618  4.42225  2.77519  2.73123  3.46354  2.40513  3.72494  3.29354  2.67741  2.69355  4.24690  2.90347  2.73739  3.18146  2.89801  2.37887  2.77519  2.98518  4.58477  3.61503
          0.29382  4.39636  1.41770  0.61958  0.77255  0.48576  0.95510
     32   2.63709  5.05143  2.57452  2.33881  4.36889  3.39489  3.59340  3.82667  2.09986  3.34097  4.10832  2.87834  3.79912  2.40884  2.51813  2.31801  2.53587  3.42900  5.49973  4.11828     39 k - - -
          2.68618  4.42225  2.77519  2.73123  3.46354  2.40513  3.72494  3.29354  2.67741  2.69355  4.24690  2.90347  2.73739  3.18146  2.89801  2.37887  2.77519  2.98518  4.58477  3.61503
          0.02426  4.12679  4.84914  0.61958  0.77255  0.79643  0.59954
     33   2.59900  4.17614  3.10518  3.17472  2.66850  3.63913  3.88362  2.33939  3.09777  2.36599  3.28374  3.48933  4.01235  3.36122  3.37257  2.90597  2.44975  2.43627  3.50490  2.83991     40 i - - -
          2.68618  4.42225  2.77519  2.73123  3.46354  2.40513  3.72494  3.29354  2.67741  2.69355  4.24690  2.90347  2.73739  3.18146  2.89801  2.37887  2.77519  2.98518  4.58477  3.61503
          0.02426  4.12679  4.84914  0.61958  0.77255  0.79643  0.59954
     34   2.62448  4.78978  2.98066  2.19791  3.19006  3.43780  3.64954  3.42735  2.44986  2.69920  3.86468  2.57873  3.83737  2.27743  2.89620  2.66490  2.85631  3.11628  5.27858  3.94300     41 e - - -
          2.68618  4.42225  2.77519  2.73123  3.46354  2.40513  3.72494  3.29354  2.67741  2.69355  4.24690  2.90347  2.73739  3.18146  2.89801  2.37887  2.77519  2.98518  4.58477  3.61503
          0.02426  4.12679  4.84914  0.61958  0.77255  0.79643  0.59954
     35   2.67162  4.78553  3.13585  2.55582  4.03054  3.49210  3.65461  3.43097  1.90501  3.03703  3.87095  3.04574  3.87723  2.81823  2.36118  2.44957  2.57307  3.12783  3.50958  3.97873     42 k - - -
          2.68618  4.42225  2.77519  2.73123  3.46354  2.40513  3.72494  3.29354  2.67741  2.69355  4.24690  2.90347  2.73739  3.18146  2.89801  2.37887  2.77519  2.98518  4.58477  3.61503
          0.02426  4.12679  4.84914  0.61958  0.77255  0.79643  0.59954
     36   2.63251  4.30639  3.56621  3.00059  2.44423  3.61633  3.81013  2.79435  2.49395  2.19305  3.40851  2.79921  3.99243  3.22497  3.23241  2.87207  2.86318  2.57978  3.48371  3.39053     43 l - - -
          2.68618  4.42225  2.77519  2.73123  3.46354  2.40513  3.72494  3.29354  2.67741  2.69355  4.24690  2.90347  2.73739  3.18146  2.89801  2.37887  2.77519  2.98518  4.58477  3.61503
          0.11742  4.12679  2.35756  0.61958  0.77255  0.79643  0.59954
     37   2.57374  4.18582  3.68342  3.12094  2.72876  3.59200  3.90253  2.59802  3.04667  2.07501  3.29064  3.45166  3.18367  3.32560  3.33827  2.53416  2.81782  2.11157  4.78874  3.55715     44 l - - -
          2.68618  4.42225  2.77519  2.73123  3.46354  2.40513  3.72494  3.29354  2.67741  2.69355  4.24690  2.90347  2.73739  3.18146  2.89801  2.37887  2.77519  2.98518  4.58477  3.61503
          0.02660  4.03598  4.75832  0.61958  0.77255  0.86868  0.54387
     38   2.30061  4.88419  2.87377  2.18579  4.15419  3.39948  3.62105  3.56944  2.12172  2.74343  3.96638  2.50238  3.81544  2.76532  2.80355  2.65349  2.87301  3.23264  5.37178  4.03252     45 k - - -
          2.68635  4.42242  2.77537  2.73141  3.46371  2.40530  3.72512  3.29242  2.67736  2.69325  4.24707  2.90306  2.73757  3.18124  2.89788  2.37887  2.77537  2.98536  4.58494  3.61520
          0.68405  1.51549  1.28832  1.46217  0.26362  0.40358  1.10240
     39   2.64563  4.90902  2.87727  2.19153  4.17786  3.40899  3.63327  2.95595  2.18142  3.18036  3.98718  2.25033  3.82389  2.77441  2.84532  2.41393  2.87964  3.25834  5.39597  4.04879     52 k - - -
          2.68618  4.42225  2.77519  2.73123  3.46354  2.40513  3.72494  3.29354  2.67741  2.69355  4.24690  2.90347  2.73739  3.18146  2.89801  2.37887  2.77519  2.98518  4.58477  3.61503
          0.02480  4.10518  4.82752  0.61958  0.77255  0.81471  0.58477
     40   2.68982  4.93916  2.70473  2.40764  4.37375  3.31795  3.74485  3.84461  2.53987  3.40525  4.22171  2.11154  3.84377  2.46857  2.97798  1.78225  2.97928  3.45047  5.58131  4.21545     53 s - - -
          2.68618  4.42225  2.77519  2.73123  3.46354  2.40513  3.72494  3.29354  2.67741  2.69355  4.24690  2.90347  2.73739  3.18146  2.89801  2.37887  2.77519  2.98518  4.58477  3.61503
          0.02480  4.10518  4.82752  0.61958  0.77255  0.64302  0.74592
     41   3.14657  4.44810  4.94485  4.40253  2.57597  4.48027  4.87712  1.24485  4.28543  1.97332  3.26893  4.56104  4.75036  4.44727  4.40610  3.83416  3.38873  1.46209  5.28397  4.08021     54 i - - -
          2.68618  4.42225  2.77519  2.73123  3.46354  2.40513  3.72494  3.29354  2.67741  2.69355  4.24690  2.90347  2.73739  3.18146  2.89801  2.37887  2.77519  2.98518  4.58477  3.61503
          0.02252  4.20049  4.92284  0.61958  0.77255  0.48156  0.96185
     42   2.65507  4.95055  2.39823  2.43606  4.22607  2.64544  3.66659  3.66005  2.27721  2.80707  4.02325  2.96646  3.26162  2.79830  2.92134  2.43141  2.88949  2.86053  5.44227  4.08357     55 k - - -
          2.68618  4.42225  2.77519  2.73123  3.46354  2.40513  3.72494  3.29354  2.67741  2.69355  4.24690  2.90347  2.73739  3.18146  2.89801  2.37887  2.77519  2.98518  4.58477  3.61503
          0.01980  4.32775  5.05010  0.61958  0.77255  0.58310  0.81682
     43   2.66971  4.25307  3.80538  3.22969  2.78836  3.71339  3.98680  2.02989  2.45674  2.14978  3.33165  3.55789  4.08392  2.95050  3.41769  2.97976  2.90115  2.20077  4.85288  3.64303     56 i - - -
          2.68618  4.42225  2.77519  2.73123  3.46354  2.40513  3.72494  3.29354  2.67741  2.69355  4.24690  2.90347  2.73739  3.18146  2.89801  2.37887  2.77519  2.98518  4.58477  3.61503
          0.01980  4.32775  5.05010  0.61958  0.77255  0.58310  0.81682
     44   2.41974  4.18291  3.92840  2.79091  2.77027  3.72557  4.01628  2.30944  3.25822  2.15492  2.86219  3.63017  4.09599  3.50777  3.49957  3.00035  2.30753  2.19923  4.79717  3.59631     57 l - - -
          2.68618  4.42225  2.77519  2.73123  3.46354  2.40513  3.72494  3.29354  2.67741  2.69355  4.24690  2.90347  2.73739  3.18146  2.89801  2.37887  2.77519  2.98518  4.58477  3.61503
          0.01980  4.32775  5.05010  0.61958  0.77255  0.58310  0.81682
     45   2.65019  4.44719  3.41124  2.30070  3.57849  3.59544  3.07455  2.60138  2.79458  2.42381  3.54460  3.28191  3.97705  3.12172  3.16994  2.83342  2.60071  2.72674  2.72366  3.74542     58 e - - -
          2.68618  4.42225  2.77519  2.73123  3.46354  2.40513  3.72494  3.29354  2.67741  2.69355  4.24690  2.90347  2.73739  3.18146  2.89801  2.37887  2.77519  2.98518  4.58477  3.61503
          0.01980  4.32775  5.05010  0.61958  0.77255  0.58310  0.81682
     46   2.66567  4.89300  3.03587  2.48392  3.40659  3.48196  3.15270  3.08634  2.21482  3.15315  3.96197  2.07154  3.87342  2.50405  2.90371  2.69062  2.89574  3.23205  5.37563  4.03277     59 n - - -
          2.68618  4.42225  2.77519  2.73123  3.46354  2.40513  3.72494  3.29354  2.67741  2.69355  4.24690  2.90347  2.73739  3.18146  2.89801  2.37887  2.77519  2.98518  4.58477  3.61503
          0.01980  4.32775  5.05010  0.61958  0.77255  0.58310  0.81682
     47   2.68015  4.83618  3.10013  2.29594  4.07083  3.50899  3.69938  3.01586  1.92809  2.39532  3.90949  3.04915  3.89721  2.60183  2.88882  2.72428  2.62789  3.16168  5.33564  4.01882     60 k - - -
          2.68618  4.42225  2.77519  2.73123  3.46354  2.40513  3.72494  3.29354  2.67741  2.69355  4.24690  2.90347  2.73739  3.18146  2.89801  2.37887  2.77519  2.98518  4.58477  3.61503
          0.01980  4.32775  5.05010  0.61958  0.77255  0.58310  0.81682
     48   2.69149  4.76171  2.63180  2.58777  3.99228  3.51180  3.77876  2.74112  2.62792  3.01083  3.87215  1.88161  3.93050  2.96214  3.07606  2.76551  2.93437  2.41136  5.32838  4.01133     61 n - - -
          2.68618  4.42225  2.77519  2.73123  3.46354  2.40513  3.72494  3.29354  2.67741  2.69355  4.24690  2.90347  2.73739  3.18146  2.89801  2.37887  2.77519  2.98518  4.58477  3.61503
          0.01980  4.32775  5.05010  0.61958  0.77255  0.58310  0.81682
     49   2.26350  3.38469  3.37544  2.83099  3.89296  3.42987  3.89130  3.27109  2.77985  2.94867  3.80470  3.24592  2.37369  3.12280  2.62707  2.71704  2.02804  2.96753  5.25927  3.99543     62 t - - -
          2.68618  4.42225  2.77519  2.73123  3.46354  2.40513  3.72494  3.29354  2.67741  2.69355  4.24690  2.90347  2.73739  3.18146  2.89801  2.37887  2.77519  2.98518  4.58477  3.61503
          0.01980  4.32775  5.05010  0.61958  0.77255  0.58310  0.81682
     50   2.67006  4.18953  4.01670  3.44457  2.75909  2.74011  4.08621  2.28513  3.34711  2.36909  3.31558  3.69921  4.13354  3.59217  3.57456  3.03629  2.22661  1.78501  4.84336  3.64163     63 v - - -
          2.68618  4.42225  2.77519  2.73123  3.46354  2.40513  3.72494  3.29354  2.67741  2.69355  4.24690  2.90347  2.73739  3.18146  2.89801  2.37887  2.77519  2.98518  4.58477  3.61503
          0.01980  4.32775  5.05010  0.61958  0.77255  0.42938  1.05244
     51   2.79670  4.19964  4.49367  3.90461  2.42130  3.09188  4.28925  2.15875  3.75286  1.68764  3.22540  4.02831  4.31159  3.93038  3.86141  3.26799  3.03059  1.66462  4.84556  3.66042     64 v - - -
          2.68618  4.42225  2.77519  2.73123  3.46354  2.40513  3.72494  3.29354  2.67741  2.69355  4.24690  2.90347  2.73739  3.18146  2.89801  2.37887  2.77519  2.98518  4.58477  3.61503
          0.01848  4.39636  5.11870  0.61958  0.77255  0.48576  0.95510
     52   2.89929  4.32519  4.39676  3.84431  2.06603  2.99594  4.00288  2.73328  3.69454  1.74343  3.38615  3.94604  4.33233  3.86654  3.82323  3.27923  3.13140  2.57584  2.12309  2.95450     65 l - - -
          2.68618  4.42225  2.77519  2.73123  3.46354  2.40513  3.72494  3.29354  2.67741  2.69355  4.24690  2.90347  2.73739  3.18146  2.89801  2.37887  2.77519  2.98518  4.58477  3.61503
          0.01848  4.39636  5.11870  0.61958  0.77255  0.48576  0.95510
     53   2.67902  4.08163  4.45200  3.85255  2.67993  3.82455  4.11802  2.24631  3.67630  1.93465  3.19096  3.91851  4.18813  3.83757  3.74785  2.74511  2.91092  1.93253  3.46839  2.48352     66 v - - -
          2.68618  4.42225  2.77519  2.73123  3.46354  2.40513  3.72494  3.29354  2.67741  2.69355  4.24690  2.90347  2.73739  3.18146  2.89801  2.37887  2.77519  2.98518  4.58477  3.61503
          0.01848  4.39636  5.11870  0.61958  0.77255  0.48576  0.95510
     54   2.71760  4.12376  4.44485  3.84943  2.77529  3.87060  4.18429  1.67643  3.68645  2.01029  3.21051  3.94828  4.22977  3.85996  3.77987  2.79144  2.95021  1.92871  4.73854  2.91010     67 i - - -
          2.68618  4.42225  2.77519  2.73123  3.46354  2.40513  3.72494  3.29354  2.67741  2.69355  4.24690  2.90347  2.73739  3.18146  2.89801  2.37887  2.77519  2.98518  4.58477  3.61503
          0.01848  4.39636  5.11870  0.61958  0.77255  0.48576  0.95510
     55   3.50539  4.78118  5.35152  4.76270  2.18660  4.79659  5.07198  1.76655  4.61559  0.95114  2.52296  4.91526  4.94063  4.58382  4.61264  4.14878  3.71649  2.53531  5.25108  4.20483     68 l - - -
          2.68618  4.42225  2.77519  2.73123  3.46354  2.40513  3.72494  3.29354  2.67741  2.69355  4.24690  2.90347  2.73739  3.18146  2.89801  2.37887  2.77519  2.98518  4.58477  3.61503
          0.01848  4.39636  5.11870  0.61958  0.77255  0.48576  0.95510
     56   3.07565  4.42572  4.83438  4.25743  2.40819  4.30712  4.64235  1.34267  4.10981  1.57745  3.20101  4.38859  4.60329  4.25076  4.20025  3.63307  2.75668  2.16847  5.08934  3.92388     69 i - - -
          2.68618  4.42225  2.77519  2.73123  3.46354  2.40513  3.72494  3.29354  2.67741  2.69355  4.24690  2.90347  2.73739  3.18146  2.89801  2.37887  2.77519  2.98518  4.58477  3.61503
          0.01848  4.39636  5.11870  0.61958  0.77255  0.48576  0.95510
     57   2.37077  4.16692  4.05212  3.47125  2.75535  2.68221  4.06423  2.36481  3.36473  2.14161  3.28575  3.70922  4.12845  3.59883  3.57287  2.69927  2.90096  1.85820  4.78982  3.59330     70 v - - -
          2.68618  4.42225  2.77519  2.73123  3.46354  2.40513  3.72494  3.29354  2.67741  2.69355  4.24690  2.90347  2.73739  3.18146  2.89801  2.37887  2.77519  2.98518  4.58477  3.61503
          0.01848  4.39636  5.11870  0.61958  0.77255  0.48576  0.95510
     58   3.43399  4.68374  5.32995  4.79275  3.50746  4.85907  5.31329  1.45290  4.67774  1.12956  3.27969  4.97068  5.04931  4.78396  4.76578  4.23918  3.67105  1.54364  5.58238  4.48889     71 l - - -
          2.68618  4.42225  2.77519  2.73123  3.46354  2.40513  3.72494  3.29354  2.67741  2.69355  4.24690  2.90347  2.73739  3.18146  2.89801  2.37887  2.77519  2.98518  4.58477  3.61503
          0.01848  4.39636  5.11870  0.61958  0.77255  0.48576  0.95510
     59   2.74909  4.37481  3.89978  3.37065  2.85510  3.73290  4.12701  2.05384  3.29679  2.48833  3.50264  3.66984  4.17414  3.57621  3.58130  1.45430  3.02407  2.50896  4.96377  3.66512     72 s - - -
          2.68618  4.42225  2.77519  2.73123  3.46354  2.40513  3.72494  3.29354  2.67741  2.69355  4.24690  2.90347  2.73739  3.18146  2.89801  2.37887  2.77519  2.98518  4.58477  3.61503
          0.01848  4.39636  5.11870  0.61958  0.77255  0.48576  0.95510
     60   3.20614  4.50588  5.08144  4.51754  2.08553  4.51934  4.88289  1.71129  4.37700  1.74505  3.25907  4.62991  4.78202  4.49445  4.44570  3.86443  3.44035  1.32327  5.25521  4.08629     73 v - - -
          2.68618  4.42225  2.77519  2.73123  3.46354  2.40513  3.72494  3.29354  2.67741  2.69355  4.24690  2.90347  2.73739  3.18146  2.89801  2.37887  2.77519  2.98518  4.58477  3.61503
          0.01848  4.39636  5.11870  0.61958  0.77255  0.48576  0.95510
     61   2.73279  4.15774  4.36623  3.77672  2.73858  3.87766  4.20405  2.22135  3.63336  1.63230  3.23694  3.92296  4.23811  3.82657  3.76311  2.76824  2.57236  1.82974  4.80413  3.62000     74 l - - -
          2.68618  4.42225  2.77519  2.73123  3.46354  2.40513  3.72494  3.29354  2.67741  2.69355  4.24690  2.90347  2.73739  3.18146  2.89801  2.37887  2.77519  2.98518  4.58477  3.61503
          0.01848  4.39636  5.11870  0.61958  0.77255  0.48576  0.95510
     62   2.64906  4.85565  3.07071  2.58979  4.35485  2.82720  3.81616  3.79094  2.26795  3.36802  4.16347  3.07919  2.12381  2.96090  3.05090  1.96591  2.61245  3.39238  5.57427  4.23615     75 s - - -
          2.68618  4.42225  2.77519  2.73123  3.46354  2.40513  3.72494  3.29354  2.67741  2.69355  4.24690  2.90347  2.73739  3.18146  2.89801  2.37887  2.77519  2.98518  4.58477  3.61503
          0.01848  4.39636  5.11870  0.61958  0.77255  0.48576  0.95510
     63   3.57154  4.82021  5.37629  4.84946  3.39123  4.95561  5.35129  1.20119  4.69485  1.03001  3.16965  5.05879  5.10695  4.78030  4.76789  4.35454  3.80380  2.14585  5.53869  4.45863     76 l - - -
          2.68618  4.42225  2.77519  2.73123  3.46354  2.40513  3.72494  3.29354  2.67741  2.69355  4.24690  2.90347  2.73739  3.18146  2.89801  2.37887  2.77519  2.98518  4.58477  3.61503
          0.31598  4.39636  1.35247  0.61958  0.77255  0.48576  0.95510
     64   2.94155  4.33369  4.47920  3.92502  3.42852  4.17100  4.57594  1.78085  3.81537  1.65056  3.29108  4.16638  4.49762  4.05577  4.02006  3.49560  2.60812  1.44477  5.20073  4.02125     77 v - - -
          2.68618  4.42225  2.77519  2.73123  3.46354  2.40513  3.72494  3.29354  2.67741  2.69355  4.24690  2.90347  2.73739  3.18146  2.89801  2.37887  2.77519  2.98518  4.58477  3.61503
          0.02480  4.10518  4.82752  0.61958  0.77255  0.81471  0.58477
     65   2.65761  4.16697  3.97763  3.40333  2.67892  3.74536  4.04967  1.97489  3.30334  1.93634  3.19866  3.67184  3.18225  3.54781  3.53237  3.03000  2.53589  2.26654  4.78845  3.58747     78 l - - -
          2.68618  4.42225  2.77519  2.73123  3.46354  2.40513  3.72494  3.29354  2.67741  2.69355  4.24690  2.90347  2.73739  3.18146  2.89801  2.37887  2.77519  2.98518  4.58477  3.61503
          0.02480  4.10518  4.82752  0.61958  0.77255  0.81471  0.58477
     66   3.39131  4.71986  4.80515  4.32468  1.52948  4.48362  4.33512  2.43997  4.17307  1.16110  3.06853  4.43151  4.72624  4.25037  4.26284  3.85400  3.61991  2.55486  4.55238  3.04845     79 l - - -
          2.68618  4.42225  2.77519  2.73123  3.46354  2.40513  3.72494  3.29354  2.67741  2.69355  4.24690  2.90347  2.73739  3.18146  2.89801  2.37887  2.77519  2.98518  4.58477  3.61503
          0.02480  4.10518  4.82752  0.61958  0.77255  0.81471  0.58477
     67   3.20768  4.52688  4.87172  4.32032  2.07836  4.45690  4.65877  1.43631  4.18683  1.47462  3.02561  4.48775  4.68851  4.28876  4.28434  3.79940  3.43508  2.14523  4.97311  3.70283     80 i - - -
          2.68618  4.42225  2.77519  2.73123  3.46354  2.40513  3.72494  3.29354  2.67741  2.69355  4.24690  2.90347  2.73739  3.18146  2.89801  2.37887  2.77519  2.98518  4.58477  3.61503
          0.02480  4.10518  4.82752  0.61958  0.77255  0.81471  0.58477
     68   2.65515  4.11864  4.11693  3.54309  2.58623  3.74812  3.96542  1.79433  3.41101  2.21833  3.19868  3.72500  4.11483  3.62370  3.58059  2.56216  2.88926  2.32879  3.30638  3.22529     81 i - - -
          2.68618  4.42225  2.77519  2.73123  3.46354  2.40513  3.72494  3.29354  2.67741  2.69355  4.24690  2.90347  2.73739  3.18146  2.89801  2.37887  2.77519  2.98518  4.58477  3.61503
          0.02480  4.10518  4.82752  0.61958  0.77255  0.32423  1.28405
     69   2.99655  4.37234  4.60735  4.06821  2.26657  4.08228  3.98553  2.39442  3.90132  2.37398  3.42085  4.07040  4.42540  4.01446  3.97030  3.39454  3.22514  2.24283  1.64312  2.35199     82 w - - -
          2.68618  4.42225  2.77519  2.73123  3.46354  2.40513  3.72494  3.29354  2.67741  2.69355  4.24690  2.90347  2.73739  3.18146  2.89801  2.37887  2.77519  2.98518  4.58477  3.61503
          0.01848  4.39636  5.11870  0.61958  0.77255  0.48576  0.95510
     70   2.78575  4.31825  4.01857  3.43957  3.26823  3.84366  4.07917  2.39760  2.70018  1.37567  3.32254  3.72391  4.20343  3.57201  3.49522  3.12625  3.01508  2.49903  4.83309  2.64380     83 l - - -
          2.68618  4.42225  2.77519  2.73123  3.46354  2.40513  3.72494  3.29354  2.67741  2.69355  4.24690  2.90347  2.73739  3.18146  2.89801  2.37887  2.77519  2.98518  4.58477  3.61503
          0.01848  4.39636  5.11870  0.61958  0.77255  0.48576  0.95510
     71   2.66282  4.12953  4.15820  3.57025  2.42888  3.06318  4.07050  2.15840  2.99339  2.08162  3.24096  3.76378  4.13905  3.65853  3.61250  3.05889  2.89487  2.18282  4.73186  2.61344     84 l - - -
          2.68618  4.42225  2.77519  2.73123  3.46354  2.40513  3.72494  3.29354  2.67741  2.69355  4.24690  2.90347  2.73739  3.18146  2.89801  2.37887  2.77519  2.98518  4.58477  3.61503
          0.01848  4.39636  5.11870  0.61958  0.77255  0.48576  0.95510
     72   2.67429  4.23522  3.87049  3.29395  2.46094  3.72531  3.98860  2.45868  3.20177  2.42204  2.88473  3.59603  4.09785  3.46701  2.37687  2.66950  2.90596  2.49317  4.79524  2.56672     85 r - - -
          2.68618  4.42225  2.77519  2.73123  3.46354  2.40513  3.72494  3.29354  2.67741  2.69355  4.24690  2.90347  2.73739  3.18146  2.89801  2.37887  2.77519  2.98518  4.58477  3.61503
          0.01848  4.39636  5.11870  0.61958  0.77255  0.48576  0.95510
     73   2.73587  4.56354  3.46738  2.88200  3.70548  3.65747  3.85674  2.65202  1.85064  2.24773  2.66687  3.31857  4.03222  3.11457  2.63325  2.90140  2.96111  2.82213  5.11260  3.87030     86 k - - -
          2.68618  4.42225  2.77519  2.73123  3.46354  2.40513  3.72494  3.29354  2.67741  2.69355  4.24690  2.90347  2.73739  3.18146  2.89801  2.37887  2.77519  2.98518  4.58477  3.61503
          0.31598  4.39636  1.35247  0.61958  0.77255  0.48576  0.95510
     74   2.36109  4.55701  3.19326  2.64282  3.76529  3.48808  3.72792  2.64085  2.12253  2.79697  3.66723  2.71654  3.88528  2.94433  2.97571  2.72599  2.84437  2.44717  5.12893  3.85140     87 k - - -
          2.68580  4.42241  2.77535  2.73121  3.46321  2.40529  3.72510  3.29370  2.67734  2.69371  4.24706  2.90339  2.73755  3.18162  2.89769  2.37888  2.77511  2.98534  4.58493  3.61469
          0.41649  1.10070  4.82752  1.00893  0.45352  0.81471  0.58477
     75   2.83486  5.08522  3.05785  2.55010  4.45991  3.51750  3.64597  3.85579  1.52210  3.36393  4.19048  3.03670  3.92898  2.12577  2.46090  2.82801  2.61579  3.50489  5.49517  4.21386     91 k - - -
          2.68618  4.42225  2.77519  2.73123  3.46354  2.40513  3.72494  3.29354  2.67741  2.69355  4.24690  2.90347  2.73739  3.18146  2.89801  2.37887  2.77519  2.98518  4.58477  3.61503
          0.02480  4.10518  4.82752  0.61958  0.77255  0.32423  1.28405
     76   2.40461  3.13138  2.87034  2.64822  3.12883  2.99864  3.76847  3.26188  2.20421  2.91879  3.76736  3.13631  3.92901  2.96998  3.06651  2.75633  2.34457  2.98382  5.21960  3.92752     92 k - - -
          2.68618  4.42225  2.77519  2.73123  3.46354  2.40513  3.72494  3.29354  2.67741  2.69355  4.24690  2.90347  2.73739  3.18146  2.89801  2.37887  2.77519  2.98518  4.58477  3.61503
          0.08963  4.39636  2.61167  0.61958  0.77255  0.48576  0.95510
     77   2.70178  5.17497  2.22756  2.01989  4.49462  2.87476  3.65616  3.97065  2.42570  3.46953  4.22672  2.59108  3.84656  2.50638  2.92398  2.66464  2.65581  3.55279  5.61957  3.30648     93 e - - -
          2.68618  4.42225  2.77519  2.73123  3.46354  2.40513  3.72494  3.29354  2.67741  2.69355  4.24690  2.90347  2.73739  3.18146  2.89801  2.37887  2.77519  2.98518  4.58477  3.61503
          0.08378  4.32655  2.70076  0.61958  0.77255  0.58467  0.81483
     78   2.40210  4.73511  3.10801  2.58265  4.03145  2.48975  3.73794  3.42826  2.03391  2.43492  3.89184  3.07210  3.88471  2.91208  2.95324  2.42447  2.89235  3.11491  5.32188  4.01638     94 k - - -
          2.68618  4.42225  2.77519  2.73123  3.46354  2.40513  3.72494  3.29354  2.67741  2.69355  4.24690  2.90347  2.73739  3.18146  2.89801  2.37887  2.77519  2.98518  4.58477  3.61503
          0.02112  4.26389  4.98623  0.61958  0.77255  0.39006  1.13015
     79   2.70889  5.03468  2.98724  2.47675  4.38643  2.91524  3.71129  3.82897  1.63599  3.37225  4.15618  2.43807  3.89282  2.83625  2.89417  2.39631  2.95345  2.97648  5.55228  4.19205     95 k - - -
          2.68618  4.42225  2.77519  2.73123  3.46354  2.40513  3.72494  3.29354  2.67741  2.69355  4.24690  2.90347  2.73739  3.18146  2.89801  2.37887  2.77519  2.98518  4.58477  3.61503
          0.01848  4.39636  5.11870  0.61958  0.77255  0.48576  0.95510
     80   2.44680  5.17563  2.84760  1.85873  4.49837  3.46379  3.70169  3.96034  2.25033  3.47324  4.24510  2.94792  3.89315  2.55529  2.92714  1.85664  2.98868  3.55879  5.63245  4.24201     96 s - - -
          2.68618  4.42225  2.77519  2.73123  3.46354  2.40513  3.72494  3.29354  2.67741  2.69355  4.24690  2.90347  2.73739  3.18146  2.89801  2.37887  2.77519  2.98518  4.58477  3.61503
          0.01848  4.39636  5.11870  0.61958  0.77255  0.48576  0.95510
     81   2.68249  5.06649  2.37469  2.41425  4.37159  3.45958  3.66892  3.82460  2.10649  2.96228  4.13093  2.95317  2.76709  2.78563  2.91087  2.38986  2.43639  3.43771  5.53721  4.15688     97 k - - -
          2.68618  4.42225  2.77519  2.73123  3.46354  2.40513  3.72494  3.29354  2.67741  2.69355  4.24690  2.90347  2.73739  3.18146  2.89801  2.37887  2.77519  2.98518  4.58477  3.61503
          0.01848  4.39636  5.11870  0.61958  0.77255  0.48576  0.95510
     82   2.67646  4.23957  3.86360  3.29379  3.34076  3.05779  4.00843  1.72904  3.19872  2.42549  3.34853  3.59935  4.10200  2.90575  3.46007  2.99939  2.91003  2.21113  4.83632  2.74187     98 i - - -
          2.68618  4.42225  2.77519  2.73123  3.46354  2.40513  3.72494  3.29354  2.67741  2.69355  4.24690  2.90347  2.73739  3.18146  2.89801  2.37887  2.77519  2.98518  4.58477  3.61503
          0.01848  4.39636  5.11870  0.61958  0.77255  0.48576  0.95510
     83   2.67517  4.79147  3.12235  2.04892  4.00780  3.52108  3.72871  3.40950  2.14467  2.67982  3.86958  3.07493  3.91066  2.89895  2.98666  2.46084  2.90607  2.50854  5.30713  3.21009     99 e - - -
          2.68618  4.42225  2.77519  2.73123  3.46354  2.40513  3.72494  3.29354  2.67741  2.69355  4.24690  2.90347  2.73739  3.18146  2.89801  2.37887  2.77519  2.98518  4.58477  3.61503
          0.01848  4.39636  5.11870  0.61958  0.77255  0.48576  0.95510
     84   2.71236  4.30218  3.90813  3.36532  3.46587  3.73102  4.12217  1.47364  3.26901  2.25534  3.44398  3.66189  3.11327  3.55680  3.53642  2.38209  2.97302  2.41909  4.98602  3.77269    100 i - - -
          2.68618  4.42225  2.77519  2.73123  3.46354  2.40513  3.72494  3.29354  2.67741  2.69355  4.24690  2.90347  2.73739  3.18146  2.89801  2.37887  2.77519  2.98518  4.58477  3.61503
          0.01848  4.39636  5.11870  0.61958  0.77255  0.48576  0.95510
     85   2.70438  5.15622  2.88762  1.91363  4.47637  2.95677  3.66393  3.94575  2.05937  3.44962  4.20768  2.37755  3.12399  2.77258  2.89796  2.67418  2.93741  3.53445  5.60164  3.43137    101 e - - -
          2.68627  4.42234  2.77529  2.73110  3.46363  2.40522  3.72504  3.29363  2.67726  2.69342  4.24581  2.90356  2.73749  3.18156  2.89779  2.37880  2.77529  2.98528  4.58486  3.61512
          0.17358  1.87494  5.11870  0.96539  0.47938  0.48576  0.95510
     86   2.74367  5.25095  2.33145  2.12436  4.58546  2.60589  3.68185  4.07026  2.24664  3.54976  4.30072  2.29324  3.87465  2.78836  2.36124  2.69775  2.97979  3.63716  5.68370  4.26760    105 e - - -
          2.68618  4.42225  2.77519  2.73123  3.46354  2.40513  3.72494  3.29354  2.67741  2.69355  4.24690  2.90347  2.73739  3.18146  2.89801  2.37887  2.77519  2.98518  4.58477  3.61503
          0.01848  4.39636  5.11870  0.61958  0.77255  0.48576  0.95510
     87   2.48888  4.22731  4.55488  3.97038  3.31865  4.03024  4.37370  1.67993  3.82126  1.85505  3.28401  4.09757  4.37556  4.00709  3.93465  3.34081  3.07435  1.63399  4.93204  2.93154    106 v - - -
          2.68618  4.42225  2.77519  2.73123  3.46354  2.40513  3.72494  3.29354  2.67741  2.69355  4.24690  2.90347  2.73739  3.18146  2.89801  2.37887  2.77519  2.98518  4.58477  3.61503
          0.01848  4.39636  5.11870  0.61958  0.77255  0.48576  0.95510
     88   2.47275  5.13745  2.39604  2.39598  4.46768  3.45790  3.65465  3.93495  2.01038  3.43699  4.19284  2.93826  3.85845  2.76124  2.23997  2.38587  2.60486  3.52228  5.58593  4.19395    107 k - - -
          2.68618  4.42225  2.77519  2.73123  3.46354  2.40513  3.72494  3.29354  2.67741  2.69355  4.24690  2.90347  2.73739  3.18146  2.89801  2.37887  2.77519  2.98518  4.58477  3.61503
          0.01848  4.39636  5.11870  0.61958  0.77255  0.48576  0.95510
     89   2.69284  4.84938  3.11970  2.55708  3.28732  3.52498  3.71721  3.49074  1.83275  2.47409  3.92432  2.74793  3.14587  2.87602  2.64462  2.73743  2.92160  3.17955  5.34840  4.02868    108 k - - -
          2.68618  4.42225  2.77519  2.73123  3.46354  2.40513  3.72494  3.29354  2.67741  2.69355  4.24690  2.90347  2.73739  3.18146  2.89801  2.37887  2.77519  2.98518  4.58477  3.61503
          0.01848  4.39636  5.11870  0.61958  0.77255  0.48576  0.95510
     90   2.67601  5.02324  2.98166  2.21118  4.30880  3.47092  3.66734  3.75279  1.97824  3.30222  4.08232  2.43483  3.86515  2.78900  2.90138  2.41807  2.58010  2.93122  5.49351  3.45856    109 k - - -
          2.68618  4.42225  2.77519  2.73123  3.46354  2.40513  3.72494  3.29354  2.67741  2.69355  4.24690  2.90347  2.73739  3.18146  2.89801  2.37887  2.77519  2.98518  4.58477  3.61503
          0.01848  4.39636  5.11870  0.61958  0.77255  0.48576  0.95510
     91   2.75154  5.23290  1.79420  2.36286  4.55906  2.86933  3.12289  4.03880  2.47438  3.53329  4.29298  2.61622  3.88193  2.80970  2.60596  2.38420  2.99061  3.61675  5.68002  4.26672    110 d - - -
          2.68618  4.42225  2.77519  2.73123  3.46354  2.40513  3.72494  3.29354  2.67741  2.69355  4.24690  2.90347  2.73739  3.18146  2.89801  2.37887  2.77519  2.98518  4.58477  3.61503
          0.01848  4.39636  5.11870  0.61958  0.77255  0.48576  0.95510
     92   2.49772  5.37869  1.79123  1.75620  4.71584  2.87139  3.79178  4.20895  2.64485  3.70021  4.47855  2.90265  3.93500  2.91896  3.17654  2.19284  3.12628  3.77652  5.85115  4.40784    111 e - - -
          2.68618  4.42225  2.77519  2.73123  3.46354  2.40513  3.72494  3.29354  2.67741  2.69355  4.24690  2.90347  2.73739  3.18146  2.89801  2.37887  2.77519  2.98518  4.58477  3.61503
          0.01848  4.39636  5.11870  0.61958  0.77255  0.48576  0.95510
     93   2.44541  5.26554  2.20289  1.74521  4.59426  3.43830  3.71712  4.07748  2.51331  3.57074  4.33282  2.53676  3.89128  2.83175  3.02287  2.38257  2.58976  3.65177  5.71845  4.29697    112 e - - -
          2.68618  4.42225  2.77519  2.73123  3.46354  2.40513  3.72494  3.29354  2.67741  2.69355  4.24690  2.90347  2.73739  3.18146  2.89801  2.37887  2.77519  2.98518  4.58477  3.61503
          0.01848  4.39636  5.11870  0.61958  0.77255  0.48576  0.95510
     94   3.10892  4.43352  4.87430  4.32755  3.64695  4.43201  4.88659  1.43766  4.21340  2.01247  3.50536  4.49938  4.74412  4.43450  4.37064  3.77542  2.36077  1.27048  5.42671  4.23604    113 v - - -
          2.68618  4.42225  2.77519  2.73123  3.46354  2.40513  3.72494  3.29354  2.67741  2.69355  4.24690  2.90347  2.73739  3.18146  2.89801  2.37887  2.77519  2.98518  4.58477  3.61503
          0.01848  4.39636  5.11870  0.61958  0.77255  0.48576  0.95510
     95   3.61193  4.86856  5.41898  4.84174  3.23600  4.94971  5.25697  1.71764  4.70090  0.88322  2.03766  5.05048  5.05275  4.67925  4.72128  4.31710  3.82334  2.45357  5.39443  4.39789    114 l - - -
          2.68618  4.42225  2.77519  2.73123  3.46354  2.40513  3.72494  3.29354  2.67741  2.69355  4.24690  2.90347  2.73739  3.18146  2.89801  2.37887  2.77519  2.98518  4.58477  3.61503
          0.01848  4.39636  5.11870  0.61958  0.77255  0.48576  0.95510
     96   2.66445  4.79813  2.96806  2.73534  4.67769  2.59013  4.09659  4.16071  2.99163  3.73932  4.53975  1.47386  3.94589  3.27458  3.44098  1.60782  3.06232  3.63913  5.91233  4.57257    115 n - - -
          2.68618  4.42225  2.77519  2.73123  3.46354  2.40513  3.72494  3.29354  2.67741  2.69355  4.24690  2.90347  2.73739  3.18146  2.89801  2.37887  2.77519  2.98518  4.58477  3.61503
          0.01848  4.39636  5.11870  0.61958  0.77255  0.48576  0.95510
     97   4.27482  5.33229  5.17088  5.00278  1.33464  4.86561  3.66740  3.88452  4.81104  3.10547  4.44061  4.46441  5.14412  4.59593  4.70826  4.26563  4.48348  3.83183  3.75987  0.73332    116 y - - -
          2.68618  4.42225  2.77519  2.73123  3.46354  2.40513  3.72494  3.29354  2.67741  2.69355  4.24690  2.90347  2.73739  3.18146  2.89801  2.37887  2.77519  2.98518  4.58477  3.61503
          0.01848  4.39636  5.11870  0.61958  0.77255  0.48576  0.95510
     98   3.50497  4.78093  5.30256  4.73664  1.73843  4.78436  4.96743  1.75237  4.58994  1.07529  3.03845  4.87086  4.94594  4.58209  4.60517  4.13968  3.72052  2.47611  5.15530  3.95921    117 l - - -
          2.68618  4.42225  2.77519  2.73123  3.46354  2.40513  3.72494  3.29354  2.67741  2.69355  4.24690  2.90347  2.73739  3.18146  2.89801  2.37887  2.77519  2.98518  4.58477  3.61503
          0.01848  4.39636  5.11870  0.61958  0.77255  0.48576  0.95510
     99   3.30553  4.56817  5.20010  4.67593  3.69721  4.74079  5.26090  1.51737  4.57002  2.19071  2.70984  4.84436  4.99330  4.76616  4.70731  4.11772  3.55399  0.91707  5.66438  4.49887    118 v - - -
          2.68618  4.42225  2.77519  2.73123  3.46354  2.40513  3.72494  3.29354  2.67741  2.69355  4.24690  2.90347  2.73739  3.18146  2.89801  2.37887  2.77519  2.98518  4.58477  3.61503
          0.01848  4.39636  5.11870  0.61958  0.77255  0.48576  0.95510
    100   2.80060  4.63654  4.01337  3.83093  4.55268  3.44899  4.79233  3.75429  3.78592  3.59612  4.63418  3.92191  4.20382  4.15757  3.99478  3.01053  0.52282  3.38306  5.93411  4.77831    119 T - - -
          2.68618  4.42225  2.77519  2.73123  3.46354  2.40513  3.72494  3.29354  2.67741  2.69355  4.24690  2.90347  2.73739  3.18146  2.89801  2.37887  2.77519  2.98518  4.58477  3.61503
          0.01848  4.39636  5.11870  0.61958  0.77255  0.48576  0.95510
    101   4.28023  5.33226  5.18329  5.01897  1.18032  4.87109  3.66607  3.88597  4.82540  3.10540  4.44056  4.46844  5.14767  4.60181  4.71603  4.27059  4.48791  3.83370  3.75740  0.82763    120 y - - -
          2.68618  4.42225  2.77519  2.73123  3.46354  2.40513  3.72494  3.29354  2.67741  2.69355  4.24690  2.90347  2.73739  3.18146  2.89801  2.37887  2.77519  2.98518  4.58477  3.61503
          0.01848  4.39636  5.11870  0.61958  0.77255  0.48576  0.95510
    102   3.29406  4.56627  5.18427  4.65235  2.68670  4.68302  5.11871  1.00524  4.53773  2.09258  3.40188  4.79224  4.93644  4.69088  4.64282  4.05175  3.53822  1.50529  5.48085  4.28122    121 i - - -
          2.68618  4.42225  2.77519  2.73123  3.46354  2.40513  3.72494  3.29354  2.67741  2.69355  4.24690  2.90347  2.73739  3.18146  2.89801  2.37887  2.77519  2.98518  4.58477  3.61503
          0.01848  4.39636  5.11870  0.61958  0.77255  0.48576  0.95510
    103   3.19107  4.49623  5.01752  4.50640  3.82180  4.56088  5.15030  1.25749  4.40443  2.43056  3.63791  4.67475  4.88737  4.65623  4.58070  3.93734  2.65838  1.07858  5.68437  4.47582    122 v - - -
          2.68618  4.42225  2.77519  2.73123  3.46354  2.40513  3.72494  3.29354  2.67741  2.69355  4.24690  2.90347  2.73739  3.18146  2.89801  2.37887  2.77519  2.98518  4.58477  3.61503
          0.01848  4.39636  5.11870  0.61958  0.77255  0.48576  0.95510
    104   3.59838  5.23264  4.26405  4.19793  5.09974  3.89244  5.20117  4.82124  4.30825  4.37082  5.46230  4.43928  0.25377  4.67744  4.46493  3.78855  4.08406  4.39819  6.10464  5.23652    123 P - - -
          2.68618  4.42225  2.77519  2.73123  3.46354  2.40513  3.72494  3.29354  2.67741  2.69355  4.24690  2.90347  2.73739  3.18146  2.89801  2.37887  2.77519  2.98518  4.58477  3.61503
          0.01848  4.39636  5.11870  0.61958  0.77255  0.48576  0.95510
    105   3.49134  4.76340  5.31830  4.75062  2.12374  4.79335  5.03131  1.46611  4.60700  1.08741  3.05134  4.89262  4.95538  4.60700  4.62535  4.15101  3.70897  2.39790  5.22600  4.07407    124 l - - -
          2.68618  4.42225  2.77519  2.73123  3.46354  2.40513  3.72494  3.29354  2.67741  2.69355  4.24690  2.90347  2.73739  3.18146  2.89801  2.37887  2.77519  2.98518  4.58477  3.61503
          0.01848  4.39636  5.11870  0.61958  0.77255  0.48576  0.95510
    106   3.65980  4.91451  5.42175  4.85670  2.46730  4.96775  5.15920  2.02440  4.72023  0.68772  2.98872  5.04732  5.06409  4.67324  4.73112  4.33695  3.86855  2.55887  5.27361  4.15020    125 L - - -
          2.68618  4.42225  2.77519  2.73123  3.46354  2.40513  3.72494  3.29354  2.67741  2.69355  4.24690  2.90347  2.73739  3.18146  2.89801  2.37887  2.77519  2.98518  4.58477  3.61503
          0.01848  4.39636  5.11870  0.61958  0.77255  0.48576  0.95510
    107   2.13405  4.37878  3.78517  3.34642  4.28007  3.24473  4.33769  3.58029  3.31504  3.34495  4.19840  3.53337  3.93710  3.61215  3.64523  1.07401  2.34691  2.57070  5.66082  4.44498    126 s - - -
          2.68618  4.42225  2.77519  2.73123  3.46354  2.40513  3.72494  3.29354  2.67741  2.69355  4.24690  2.90347  2.73739  3.18146  2.89801  2.37887  2.77519  2.98518  4.58477  3.61503
          0.01848  4.39636  5.11870  0.61958  0.77255  0.48576  0.95510
    108   2.53475  4.40903  4.81835  4.22457  2.58518  4.25042  4.56943  1.93667  4.06745  1.30179  2.20444  4.34295  4.54050  4.17827  4.13314  3.56885  3.27470  2.36756  5.00036  3.87805    127 l - - -
          2.68618  4.42225  2.77519  2.73123  3.46354  2.40513  3.72494  3.29354  2.67741  2.69355  4.24690  2.90347  2.73739  3.18146  2.89801  2.37887  2.77519  2.98518  4.58477  3.61503
          0.01848  4.39636  5.11870  0.61958  0.77255  0.48576  0.95510
    109   2.93708  5.47454  1.46819  2.32924  4.80074  2.75470  3.82248  4.30095  1.90051  3.78098  4.56899  2.52022  3.96357  2.95462  3.21082  2.86016  3.19554  3.86546  5.92393  4.47028    128 d - - -
          2.68618  4.42225  2.77519  2.73123  3.46354  2.40513  3.72494  3.29354  2.67741  2.69355  4.24690  2.90347  2.73739  3.18146  2.89801  2.37887  2.77519  2.98518  4.58477  3.61503
          0.01848  4.39636  5.11870  0.61958  0.77255  0.48576  0.95510
    110   2.89293  4.32592  4.40127  3.83097  3.41033  4.05496  4.41124  1.53103  3.71364  2.23030  2.69458  4.05063  2.41837  3.94057  3.90168  3.36131  3.13318  1.78557  5.05970  3.87760    129 i - - -
          2.68618  4.42225  2.77519  2.73123  3.46354  2.40513  3.72494  3.29354  2.67741  2.69355  4.24690  2.90347  2.73739  3.18146  2.89801  2.37887  2.77519  2.98518  4.58477  3.61503
          0.01848  4.39636  5.11870  0.61958  0.77255  0.48576  0.95510
    111   2.74585  5.23087  2.51672  2.00351  4.55511  3.44401  3.69231  4.03468  2.26891  3.52844  4.28651  2.27724  3.87817  2.80319  2.96874  2.41543  2.16991  3.61212  5.67497  4.26118    130 e - - -
          2.68621  4.42228  2.77523  2.73126  3.46357  2.40516  3.72498  3.29357  2.67744  2.69358  4.24693  2.90350  2.73743  3.18149  2.89804  2.37890  2.77496  2.98491  4.58480  3.61506
          0.17341  1.87587  5.11870  0.24796  1.51591  0.48576  0.95510
    112   2.79746  5.17511  2.73994  2.00093  4.56425  3.43192  3.79453  4.03080  2.61391  3.56046  4.34877  2.49376  3.00258  2.92814  3.10733  1.53376  3.06377  3.62063  5.73401  4.33558    132 s - - -
          2.68618  4.42225  2.77519  2.73123  3.46354  2.40513  3.72494  3.29354  2.67741  2.69355  4.24690  2.90347  2.73739  3.18146  2.89801  2.37887  2.77519  2.98518  4.58477  3.61503
          0.01848  4.39636  5.11870  0.61958  0.77255  0.48576  0.95510
    113   2.04331  4.23870  3.81067  3.23601  3.35879  3.69756  3.98250  2.46135  3.15921  2.23568  3.35198  3.55614  3.24020  3.42646  3.43651  2.57967  2.51826  2.29313  3.49232  3.63268    133 a - - -
          2.68618  4.42225  2.77519  2.73123  3.46354  2.40513  3.72494  3.29354  2.67741  2.69355  4.24690  2.90347  2.73739  3.18146  2.89801  2.37887  2.77519  2.98518  4.58477  3.61503
          0.01848  4.39636  5.11870  0.61958  0.77255  0.48576  0.95510
    114   2.65864  4.79527  3.13252  2.59226  4.11041  3.47800  3.76390  3.51964  2.56449  3.13629  3.95753  2.74130  2.09905  2.92702  2.63365  2.46818  2.53371  2.72614  5.38812  4.07063    134 p - - -
          2.68618  4.42225  2.77519  2.73123  3.46354  2.40513  3.72494  3.29354  2.67741  2.69355  4.24690  2.90347  2.73739  3.18146  2.89801  2.37887  2.77519  2.98518  4.58477  3.61503
          0.09075  4.39636  2.59791  0.61958  0.77255  0.48576  0.95510
    115   2.60055  4.52190  3.36203  2.89203  3.84416  3.41855  3.94736  3.32168  2.87022  3.00440  3.87652  3.28690  3.94533  3.21029  3.25015  1.43049  2.24822  3.01248  5.24772  2.93376    135 s - - -
          2.68618  4.42225  2.77519  2.73123  3.46354  2.40513  3.72494  3.29354  2.67741  2.69355  4.24690  2.90347  2.73739  3.18146  2.89801  2.37887  2.77519  2.98518  4.58477  3.61503
          0.01985  4.32546  5.04780  0.61958  0.77255  0.42778  1.05543
    116   3.34862  4.62668  5.23330  4.66895  2.61179  4.68888  5.05223  1.26264  4.53481  1.35036  3.17246  4.80493  4.90043  4.60372  4.58524  4.04417  3.57745  1.85770  5.34105  4.23072    136 i - - -
          2.68618  4.42225  2.77519  2.73123  3.46354  2.40513  3.72494  3.29354  2.67741  2.69355  4.24690  2.90347  2.73739  3.18146  2.89801  2.37887  2.77519  2.98518  4.58477  3.61503
          0.01848  4.39636  5.11870  0.61958  0.77255  0.48576  0.95510
    117   2.96089  4.31517  4.77235  4.18863  3.29553  4.18459  4.52054  1.50853  4.02257  1.87392  3.24554  4.28285  4.50517  4.17835  4.10037  3.50651  3.19475  1.48098  3.24069  3.80811    137 v - - -
          2.68618  4.42225  2.77519  2.73123  3.46354  2.40513  3.72494  3.29354  2.67741  2.69355  4.24690  2.90347  2.73739  3.18146  2.89801  2.37887  2.77519  2.98518  4.58477  3.61503
          0.01848  4.39636  5.11870  0.61958  0.77255  0.48576  0.95510
    118   2.64552  4.30461  3.71465  3.15601  3.48024  2.94717  3.98889  2.47380  3.08870  2.55153  2.12807  3.49807  4.05035  3.37733  3.39791  2.54397  2.12266  2.58567  4.94960  3.73170    138 t - - -
          2.68618  4.42225  2.77519  2.73123  3.46354  2.40513  3.72494  3.29354  2.67741  2.69355  4.24690  2.90347  2.73739  3.18146  2.89801  2.37887  2.77519  2.98518  4.58477  3.61503
          0.01848  4.39636  5.11870  0.61958  0.77255  0.48576  0.95510
    119   3.27556  5.23231  3.16067  3.11465  4.69309  3.63484  4.49919  4.55720  3.47141  4.14652  5.12321  0.48870  4.32409  3.80016  3.82143  3.33887  3.69025  4.12083  5.93272  4.62481    139 N - - -
          2.68618  4.42225  2.77519  2.73123  3.46354  2.40513  3.72494  3.29354  2.67741  2.69355  4.24690  2.90347  2.73739  3.18146  2.89801  2.37887  2.77519  2.98518  4.58477  3.61503
          0.01848  4.39636  5.11870  0.61958  0.77255  0.48576  0.95510
    120   2.79836  4.21844  4.42949  3.83850  2.13490  2.75177  4.24620  2.18723  3.69226  1.60199  2.74444  3.98496  4.28646  3.86887  3.81266  3.24160  3.02923  2.36396  4.80814  3.62579    140 l - - -
          2.68618  4.42225  2.77519  2.73123  3.46354  2.40513  3.72494  3.29354  2.67741  2.69355  4.24690  2.90347  2.73739  3.18146  2.89801  2.37887  2.77519  2.98518  4.58477  3.61503
          0.01848  4.39636  5.11870  0.61958  0.77255  0.48576  0.95510
    121   3.29389  4.58758  5.17956  4.60097  2.69021  4.59768  4.95038  1.29968  4.45457  1.42808  2.60904  4.72134  4.82164  4.51481  4.49065  3.94302  3.51968  1.92676  5.25733  4.16978    141 i - - -
          2.68618  4.42225  2.77519  2.73123  3.46354  2.40513  3.72494  3.29354  2.67741  2.69355  4.24690  2.90347  2.73739  3.18146  2.89801  2.37887  2.77519  2.98518  4.58477  3.61503
          0.01848  4.39636  5.11870  0.61958  0.77255  0.48576  0.95510
    122   3.70124  4.96844  5.36149  4.83852  3.26203  4.99512  5.31537  2.01854  4.64313  0.59628  3.04996  5.08224  5.11920  4.71110  4.70564  4.40582  3.92692  2.45152  5.45142  4.38516    142 L - - -
          2.68618  4.42225  2.77519  2.73123  3.46354  2.40513  3.72494  3.29354  2.67741  2.69355  4.24690  2.90347  2.73739  3.18146  2.89801  2.37887  2.77519  2.98518  4.58477  3.61503
          0.01848  4.39636  5.11870  0.61958  0.77255  0.48576  0.95510
    123   3.29325  4.60626  5.12115  4.53189  1.57275  4.54618  4.84446  2.01971  4.37834  1.36509  2.55770  4.65614  4.76777  4.42037  4.40772  3.88215  3.51324  2.15252  5.14438  4.04736    143 l - - -
          2.68618  4.42225  2.77519  2.73123  3.46354  2.40513  3.72494  3.29354  2.67741  2.69355  4.24690  2.90347  2.73739  3.18146  2.89801  2.37887  2.77519  2.98518  4.58477  3.61503
          0.01848  4.39636  5.11870  0.61958  0.77255  0.48576  0.95510
    124   2.59197  4.37119  4.82999  4.23776  2.62577  4.23387  4.56829  1.83390  4.07729  1.31247  2.67179  4.33885  4.53278  4.19527  4.13811  3.55447  3.24662  2.05522  5.00830  3.87692    144 l - - -
          2.68618  4.42225  2.77519  2.73123  3.46354  2.40513  3.72494  3.29354  2.67741  2.69355  4.24690  2.90347  2.73739  3.18146  2.89801  2.37887  2.77519  2.98518  4.58477  3.61503
          0.01848  4.39636  5.11870  0.61958  0.77255  0.48576  0.95510
    125   3.16159  4.47871  4.94679  4.39594  3.56268  4.48350  4.92129  1.25268  4.27269  1.56785  3.40354  4.56153  4.77538  4.46509  4.40775  3.82938  2.71619  1.66511  5.40349  4.24082    145 i - - -
          2.68618  4.42225  2.77519  2.73123  3.46354  2.40513  3.72494  3.29354  2.67741  2.69355  4.24690  2.90347  2.73739  3.18146  2.89801  2.37887  2.77519  2.98518  4.58477  3.61503
          0.01848  4.39636  5.11870  0.61958  0.77255  0.48576  0.95510
    126   2.94557  4.48924  3.98376  2.21012  3.69183  4.03539  4.38167  1.39734  3.42218  2.49087  3.58042  3.85001  4.40497  3.73721  3.73614  3.33673  3.19042  1.69945  5.32304  4.09487    146 i - - -
          2.68618  4.42225  2.77519  2.73123  3.46354  2.40513  3.72494  3.29354  2.67741  2.69355  4.24690  2.90347  2.73739  3.18146  2.89801  2.37887  2.77519  2.98518  4.58477  3.61503
          0.01848  4.39636  5.11870  0.61958  0.77255  0.48576  0.95510
    127   2.21712  4.41729  3.67768  3.25466  3.98836  1.31751  4.22946  3.27626  3.21553  3.01632  2.34092  3.51954  4.00401  3.53635  3.53417  2.77489  2.96148  2.96668  5.42670  4.20023    147 g - - -
          2.68618  4.42225  2.77519  2.73123  3.46354  2.40513  3.72494  3.29354  2.67741  2.69355  4.24690  2.90347  2.73739  3.18146  2.89801  2.37887  2.77519  2.98518  4.58477  3.61503
          0.01848  4.39636  5.11870  0.61958  0.77255  0.48576  0.95510
    128   2.78166  4.17518  4.52828  3.93489  2.78327  3.95269  4.27757  1.54526  3.77365  1.95089  3.21565  4.03534  4.30216  3.94224  3.86429  3.26001  2.58894  1.98381  4.81753  3.03221    148 i - - -
          2.68618  4.42225  2.77519  2.73123  3.46354  2.40513  3.72494  3.29354  2.67741  2.69355  4.24690  2.90347  2.73739  3.18146  2.89801  2.37887  2.77519  2.98518  4.58477  3.61503
          0.01848  4.39636  5.11870  0.61958  0.77255  0.48576  0.95510
    129   2.97109  4.34017  4.73952  4.15075  2.22489  4.13619  4.35272  2.18184  3.97975  1.46704  2.55021  4.21998  4.44873  4.08827  4.03176  3.45047  3.19733  2.46311  4.76123  2.23622    149 l - - -
          2.68618  4.42225  2.77519  2.73123  3.46354  2.40513  3.72494  3.29354  2.67741  2.69355  4.24690  2.90347  2.73739  3.18146  2.89801  2.37887  2.77519  2.98518  4.58477  3.61503
          0.01848  4.39636  5.11870  0.61958  0.77255  0.48576  0.95510
    130   3.64351  4.91555  4.89559  4.51769  1.44947  4.53005  3.78728  3.28750  4.35314  2.73086  3.93967  4.30403  4.84111  4.33476  4.37632  3.87702  3.86766  2.51283  3.94694  1.03258    150 y - - -
          2.68618  4.42225  2.77519  2.73123  3.46354  2.40513  3.72494  3.29354  2.67741  2.69355  4.24690  2.90347  2.73739  3.18146  2.89801  2.37887  2.77519  2.98518  4.58477  3.61503
          0.01848  4.39636  5.11870  0.61958  0.77255  0.48576  0.95510
    131   3.38107  4.61578  5.34161  4.87181  3.89857  4.89533  5.59238  0.98553  4.78719  2.34322  3.65704  5.04373  5.15610  5.03997  4.95791  4.31936  3.64639  1.10106  5.96915  4.75817    151 i - - -
          2.68618  4.42225  2.77519  2.73123  3.46354  2.40513  3.72494  3.29354  2.67741  2.69355  4.24690  2.90347  2.73739  3.18146  2.89801  2.37887  2.77519  2.98518  4.58477  3.61503
          0.01848  4.39636  5.11870  0.61958  0.77255  0.48576  0.95510
    132   2.74798  5.18143  2.99629  2.44748  4.52903  2.91011  3.66480  3.98577  1.86185  3.47190  4.23483  2.65562  3.89603  2.51350  2.21088  2.25415  2.97296  3.57642  5.60162  4.23242    152 k - - -
          2.68618  4.42225  2.77519  2.73123  3.46354  2.40513  3.72494  3.29354  2.67741  2.69355  4.24690  2.90347  2.73739  3.18146  2.89801  2.37887  2.77519  2.98518  4.58477  3.61503
          0.01848  4.39636  5.11870  0.61958  0.77255  0.48576  0.95510
    133   2.67863  4.67783  3.22484  2.69549  3.90017  3.53126  3.81185  3.28581  2.66524  2.56103  3.08781  1.92370  3.95125  3.01898  3.08274  2.07027  2.92880  3.00717  5.25543  3.95835    153 n - - -
          2.68618  4.42225  2.77519  2.73123  3.46354  2.40513  3.72494  3.29354  2.67741  2.69355  4.24690  2.90347  2.73739  3.18146  2.89801  2.37887  2.77519  2.98518  4.58477  3.61503
          0.01848  4.39636  5.11870  0.61958  0.77255  0.48576  0.95510
    134   3.19260  5.74422  1.49407  2.32969  5.07225  3.42810  4.03338  4.66147  3.09567  4.14979  5.01559  1.14928  4.07860  3.21047  3.71028  3.07552  3.50431  4.20542  6.26293  4.73692    154 n - - -
          2.68618  4.42225  2.77519  2.73123  3.46354  2.40513  3.72494  3.29354  2.67741  2.69355  4.24690  2.90347  2.73739  3.18146  2.89801  2.37887  2.77519  2.98518  4.58477  3.61503
          0.01848  4.39636  5.11870  0.61958  0.77255  0.48576  0.95510
    135   1.99596  4.35108  3.63119  3.06327  3.48218  3.67036  3.94195  2.79833  3.00280  2.11116  2.98386  3.44616  4.05204  2.82926  3.33503  2.92506  2.33130  2.36229  4.95061  3.72583    155 a - - -
          2.68618  4.42225  2.77519  2.73123  3.46354  2.40513  3.72494  3.29354  2.67741  2.69355  4.24690  2.90347  2.73739  3.18146  2.89801  2.37887  2.77519  2.98518  4.58477  3.61503
          0.01848  4.39636  5.11870  0.61958  0.77255  0.48576  0.95510
    136   2.92568  4.31655  4.58370  4.01338  3.41525  4.12732  4.50374  1.67413  3.87786  1.53947  3.34085  4.17849  4.47091  4.08403  4.02271  2.73722  3.16699  1.65126  5.08275  3.90133    156 l - - -
          2.68618  4.42225  2.77519  2.73123  3.46354  2.40513  3.72494  3.29354  2.67741  2.69355  4.24690  2.90347  2.73739  3.18146  2.89801  2.37887  2.77519  2.98518  4.58477  3.61503
          0.01848  4.39636  5.11870  0.61958  0.77255  0.48576  0.95510
    137   4.03357  5.25408  4.82942  4.51930  1.77626  4.69377  1.89868  3.88574  4.36974  3.17884  4.42734  4.28248  4.99223  4.34660  4.43092  4.04793  4.24331  3.77224  3.78768  0.86679    157 y - - -
          2.68618  4.42225  2.77519  2.73123  3.46354  2.40513  3.72494  3.29354  2.67741  2.69355  4.24690  2.90347  2.73739  3.18146  2.89801  2.37887  2.77519  2.98518  4.58477  3.61503
          0.01848  4.39636  5.11870  0.61958  0.77255  0.48576  0.95510
    138   2.77826  4.19260  4.44104  3.84765  2.21016  3.92649  4.23822  2.23464  3.69715  1.58540  2.69401  3.17176  4.27434  3.87153  3.80896  3.22795  3.00914  2.13132  4.79867  3.62081    158 l - - -
          2.68618  4.42225  2.77519  2.73123  3.46354  2.40513  3.72494  3.29354  2.67741  2.69355  4.24690  2.90347  2.73739  3.18146  2.89801  2.37887  2.77519  2.98518  4.58477  3.61503
          0.01848  4.39636  5.11870  0.61958  0.77255  0.48576  0.95510
    139   3.27556  5.23231  3.16067  3.11465  4.69309  3.63484  4.49919  4.55720  3.47141  4.14652  5.12321  0.48870  4.32409  3.80016  3.82143  3.33887  3.69025  4.12083  5.93272  4.62481    159 N - - -
          2.68618  4.42225  2.77519  2.73123  3.46354  2.40513  3.72494  3.29354  2.67741  2.69355  4.24690  2.90347  2.73739  3.18146  2.89801  2.37887  2.77519  2.98518  4.58477  3.61503
          0.01848  4.39636  5.11870  0.61958  0.77255  0.48576  0.95510
    140   2.89738  4.42235  4.23257  3.70974  3.60937  3.97116  4.46823  1.67748  3.60922  2.39975  3.51860  3.97720  1.76281  3.89511  3.86274  3.30665  3.17559  1.77388  5.26795  4.05961    160 i - - -
          2.68618  4.42225  2.77519  2.73123  3.46354  2.40513  3.72494  3.29354  2.67741  2.69355  4.24690  2.90347  2.73739  3.18146  2.89801  2.37887  2.77519  2.98518  4.58477  3.61503
          0.01848  4.39636  5.11870  0.61958  0.77255  0.48576  0.95510
    141   2.76844  4.27030  4.12266  3.54961  3.36104  3.86333  4.19441  2.25471  3.44541  1.51474  3.32018  3.80924  3.15570  3.69122  3.66986  3.15394  2.32858  2.05188  4.93220  3.74121    161 l - - -
          2.68618  4.42225  2.77519  2.73123  3.46354  2.40513  3.72494  3.29354  2.67741  2.69355  4.24690  2.90347  2.73739  3.18146  2.89801  2.37887  2.77519  2.98518  4.58477  3.61503
          0.01848  4.39636  5.11870  0.61958  0.77255  0.48576  0.95510
    142   3.44567  4.75962  4.94480  4.45333  1.99189  4.51915  4.19697  2.76611  4.28951  0.90766  3.32617  4.43870  4.78012  4.32350  4.33464  3.85560  3.66418  2.83079  4.40557  2.32414    162 l - - -
          2.68618  4.42225  2.77519  2.73123  3.46354  2.40513  3.72494  3.29354  2.67741  2.69355  4.24690  2.90347  2.73739  3.18146  2.89801  2.37887  2.77519  2.98518  4.58477  3.61503
          0.01848  4.39636  5.11870  0.61958  0.77255  0.48576  0.95510
    143   2.71402  4.28681  3.86839  3.32997  3.41810  2.96091  4.07818  1.64197  3.23653  1.90312  3.40828  2.97009  4.14314  3.52383  3.50070  3.03887  2.95945  2.42459  4.92906  3.71346    163 i - - -
          2.68618  4.42225  2.77519  2.73123  3.46354  2.40513  3.72494  3.29354  2.67741  2.69355  4.24690  2.90347  2.73739  3.18146  2.89801  2.37887  2.77519  2.98518  4.58477  3.61503
          0.01848  4.39636  5.11870  0.61958  0.77255  0.48576  0.95510
    144   3.47874  4.75819  5.28839  4.71363  2.56958  4.78620  5.08417  2.04152  4.57967  0.82345  3.03969  4.88462  4.94784  4.59083  4.61322  4.14049  3.69659  2.01351  5.29910  4.22481    164 l - - -
          2.68618  4.42225  2.77519  2.73123  3.46354  2.40513  3.72494  3.29354  2.67741  2.69355  4.24690  2.90347  2.73739  3.18146  2.89801  2.37887  2.77519  2.98518  4.58477  3.61503
          0.01848  4.39636  5.11870  0.61958  0.77255  0.48576  0.95510
    145   2.46185  3.17423  4.55837  3.95846  2.17808  3.92476  4.25510  2.41828  3.78408  1.64929  2.73223  4.03129  4.27597  3.93779  3.85144  3.23346  2.99059  2.04475  4.77739  3.60591    165 l - - -
          2.68618  4.42225  2.77519  2.73123  3.46354  2.40513  3.72494  3.29354  2.67741  2.69355  4.24690  2.90347  2.73739  3.18146  2.89801  2.37887  2.77519  2.98518  4.58477  3.61503
          0.01848  4.39636  5.11870  0.61958  0.77255  0.48576  0.95510
    146   3.44548  5.13656  4.22218  4.20032  5.27209  0.24213  5.25429  5.03238  4.44995  4.60462  5.60670  4.38931  4.53944  4.73349  4.59757  3.63684  3.96519  4.45890  6.19645  5.40232    166 G - - -
          2.68618  4.42225  2.77519  2.73123  3.46354  2.40513  3.72494  3.29354  2.67741  2.69355  4.24690  2.90347  2.73739  3.18146  2.89801  2.37887  2.77519  2.98518  4.58477  3.61503
          0.01848  4.39636  5.11870  0.61958  0.77255  0.48576  0.95510
    147   4.35394  5.35058  5.28032  5.15097  1.41057  4.92039  3.63439  3.98957  4.93689  3.20455  4.52559  4.48714  5.18098  4.64107  4.77395  4.31152  4.55036  3.91665  2.20153  0.85042    167 y - - -
          2.68618  4.42225  2.77519  2.73123  3.46354  2.40513  3.72494  3.29354  2.67741  2.69355  4.24690  2.90347  2.73739  3.18146  2.89801  2.37887  2.77519  2.98518  4.58477  3.61503
          0.01848  4.39636  5.11870  0.61958  0.77255  0.48576  0.95510
    148   2.78983  5.07835  3.00990  2.51723  4.18895  3.53608  2.21697  3.79620  2.16721  3.33966  4.14944  1.99503  3.94427  2.86333  2.84798  2.78698  3.01741  3.44524  5.42765  3.13005    168 n - - -
          2.68618  4.42225  2.77519  2.73123  3.46354  2.40513  3.72494  3.29354  2.67741  2.69355  4.24690  2.90347  2.73739  3.18146  2.89801  2.37887  2.77519  2.98518  4.58477  3.61503
          0.01848  4.39636  5.11870  0.61958  0.77255  0.48576  0.95510
    149   3.38518  4.63266  5.30664  4.83959  3.85085  4.86152  5.55042  0.81091  4.74194  2.28623  3.61723  5.01443  5.13341  4.99092  4.90946  4.28715  3.65321  1.38216  5.92597  4.72232    169 i - - -
          2.68618  4.42225  2.77519  2.73123  3.46354  2.40513  3.72494  3.29354  2.67741  2.69355  4.24690  2.90347  2.73739  3.18146  2.89801  2.37887  2.77519  2.98518  4.58477  3.61503
          0.01848  4.39636  5.11870  0.61958  0.77255  0.48576  0.95510
    150   4.27904  5.33261  5.17940  5.01398  1.23938  4.86956  3.66637  3.88617  4.82100  3.10596  4.44118  4.46718  5.14673  4.60002  4.71372  4.26924  4.48701  3.83373  3.75803  0.78844    170 y - - -
          2.68618  4.42225  2.77519  2.73123  3.46354  2.40513  3.72494  3.29354  2.67741  2.69355  4.24690  2.90347  2.73739  3.18146  2.89801  2.37887  2.77519  2.98518  4.58477  3.61503
          0.01848  4.39636  5.11870  0.61958  0.77255  0.48576  0.95510
    151   2.66674  4.80781  3.08667  2.17564  4.09486  2.89285  3.75839  2.94090  2.57857  3.12280  3.94637  3.07195  3.90580  2.92300  3.03197  2.05053  2.16240  3.17773  5.38127  4.05903    171 s - - -
          2.68618  4.42225  2.77519  2.73123  3.46354  2.40513  3.72494  3.29354  2.67741  2.69355  4.24690  2.90347  2.73739  3.18146  2.89801  2.37887  2.77519  2.98518  4.58477  3.61503
          0.01848  4.39636  5.11870  0.61958  0.77255  0.48576  0.95510
    152   2.40487  4.61578  1.89360  2.78711  2.42220  3.58650  3.88370  3.06986  2.82071  2.81948  3.73304  3.25167  4.00937  3.13419  3.23597  2.85588  2.96604  2.45091  5.18552  3.88149    172 d - - -
          2.68618  4.42225  2.77519  2.73123  3.46354  2.40513  3.72494  3.29354  2.67741  2.69355  4.24690  2.90347  2.73739  3.18146  2.89801  2.37887  2.77519  2.98518  4.58477  3.61503
          0.01848  4.39636  5.11870  0.61958  0.77255  0.48576  0.95510
    153   2.68817  4.95011  2.97650  2.07200  4.27385  3.45987  3.73350  3.70175  2.52588  3.28309  4.08236  2.63829  3.89130  2.87285  2.99548  1.79986  2.55061  2.84791  5.49965  4.14611    173 s - - -
          2.68618  4.42225  2.77519  2.73123  3.46354  2.40513  3.72494  3.29354  2.67741  2.69355  4.24690  2.90347  2.73739  3.18146  2.89801  2.37887  2.77519  2.98518  4.58477  3.61503
          0.01848  4.39636  5.11870  0.61958  0.77255  0.48576  0.95510
    154   2.46413  5.13058  2.38180  2.38374  4.45267  2.92887  3.64885  3.92210  2.23109  3.02415  4.18063  2.42324  3.84970  2.75490  2.58769  2.40665  2.91152  3.50950  5.57904  4.18242    174 k - - -
          2.68618  4.42225  2.77519  2.73123  3.46354  2.40513  3.72494  3.29354  2.67741  2.69355  4.24690  2.90347  2.73739  3.18146  2.89801  2.37887  2.77519  2.98518  4.58477  3.61503
          0.21838  4.39636  1.69358  0.61958  0.77255  0.48576  0.95510
    155   2.82118  5.17029  1.48561  2.01261  3.00589  3.38624  3.75288  3.85538  2.65076  3.42733  4.26491  2.87778  3.89583  2.91511  3.16701  2.78745  3.07656  3.50395  5.60496  4.17726    175 d - - -
          2.68618  4.42225  2.77519  2.73123  3.46354  2.40513  3.72494  3.29354  2.67741  2.69355  4.24690  2.90347  2.73739  3.18146  2.89801  2.37887  2.77519  2.98518  4.58477  3.61503
          0.02252  4.20049  4.92284  0.61958  0.77255  0.48156  0.96185
    156   2.78354  5.25131  2.33512  2.33361  4.57469  2.55973  3.06484  4.05605  2.54173  3.56104  4.33596  1.85927  2.99055  2.84783  3.05308  2.73712  3.03190  3.63980  5.71834  4.29760    176 n - - -
          2.68604  4.42236  2.77530  2.73134  3.46365  2.40524  3.72435  3.29365  2.67706  2.69366  4.24593  2.90330  2.73751  3.18157  2.89784  2.37898  2.77530  2.98529  4.58488  3.61514
          0.70042  1.15086  1.67527  0.56727  0.83718  0.42938  1.05244
    157   2.64948  3.50394  3.07625  2.50983  4.03904  3.47811  2.98802  3.45473  2.19074  3.06079  3.88365  2.64195  3.86478  2.82005  2.34929  2.69213  2.87683  3.14225  5.29956  3.15498    180 k - - -
          2.68618  4.42225  2.77519  2.73123  3.46354  2.40513  3.72494  3.29354  2.67741  2.69355  4.24690  2.90347  2.73739  3.18146  2.89801  2.37887  2.77519  2.98518  4.58477  3.61503
          0.21264  4.21140  1.73317  0.61958  0.77255  0.36426  1.18650
    158   2.79130  4.28624  4.09751  3.54542  3.32968  3.88499  3.02485  1.46921  3.39736  2.29038  3.34496  3.81250  4.25604  3.69111  3.62366  3.18847  3.03326  1.80373  4.92701  3.67980    181 i - - -
          2.68618  4.42225  2.77519  2.73123  3.46354  2.40513  3.72494  3.29354  2.67741  2.69355  4.24690  2.90347  2.73739  3.18146  2.89801  2.37887  2.77519  2.98518  4.58477  3.61503
          0.02154  4.24449  4.96683  0.61958  0.77255  0.37994  1.15170
    159   2.97705  4.35001  4.65163  4.09099  3.29480  4.18168  4.46944  1.50840  3.94227  2.24511  3.36889  4.22651  4.51682  4.13869  4.07007  3.50405  3.21607  1.56375  4.97154  2.11984    182 i - - -
          2.68618  4.42225  2.77519  2.73123  3.46354  2.40513  3.72494  3.29354  2.67741  2.69355  4.24690  2.90347  2.73739  3.18146  2.89801  2.37887  2.77519  2.98518  4.58477  3.61503
          0.01848  4.39636  5.11870  0.61958  0.77255  0.48576  0.95510
    160   3.50626  4.75744  5.31552  4.80969  3.50723  4.91120  5.36564  0.89427  4.65440  1.46090  3.30012  5.01308  5.10473  4.81131  4.76266  4.31883  3.74983  1.98168  5.61971  4.48360    183 i - - -
          2.68618  4.42225  2.77519  2.73123  3.46354  2.40513  3.72494  3.29354  2.67741  2.69355  4.24690  2.90347  2.73739  3.18146  2.89801  2.37887  2.77519  2.98518  4.58477  3.61503
          0.01848  4.39636  5.11870  0.61958  0.77255  0.48576  0.95510
    161   2.46436  4.39564  3.76193  3.47111  4.52435  3.19059  4.50148  3.89675  3.48052  3.62853  4.47292  3.58788  3.94616  3.78664  3.77001  1.69264  0.98653  3.36980  5.88370  4.67323    184 t - - -
          2.68618  4.42225  2.77519  2.73123  3.46354  2.40513  3.72494  3.29354  2.67741  2.69355  4.24690  2.90347  2.73739  3.18146  2.89801  2.37887  2.77519  2.98518  4.58477  3.61503
          0.01848  4.39636  5.11870  0.61958  0.77255  0.48576  0.95510
    162   2.94170  5.20823  3.31992  2.69113  4.57734  3.67117  3.71776  3.97236  1.65944  3.45987  3.29763  2.62152  4.04023  2.84064  1.55640  2.93221  3.13957  3.61948  5.57043  4.30180    185 r - - -
          2.68618  4.42225  2.77519  2.73123  3.46354  2.40513  3.72494  3.29354  2.67741  2.69355  4.24690  2.90347  2.73739  3.18146  2.89801  2.37887  2.77519  2.98518  4.58477  3.61503
          0.01848  4.39636  5.11870  0.61958  0.77255  0.48576  0.95510
    163   2.66768  3.07929  2.81727  2.38670  3.95173  3.52569  3.74026  2.93488  2.38882  2.37781  3.82607  2.43319  3.91498  2.92143  3.02247  2.73918  2.89926  3.05701  5.27127  3.96420    186 l - - -
          2.68618  4.42225  2.77519  2.73123  3.46354  2.40513  3.72494  3.29354  2.67741  2.69355  4.24690  2.90347  2.73739  3.18146  2.89801  2.37887  2.77519  2.98518  4.58477  3.61503
          0.01848  4.39636  5.11870  0.61958  0.77255  0.48576  0.95510
    164   2.75167  5.20950  2.50150  2.17957  4.53993  3.44104  3.71054  4.01491  2.49962  3.52041  4.28568  2.34023  3.18390  2.82638  3.00207  1.80089  2.68265  3.59883  5.67681  4.26677    187 s - - -
          2.68618  4.42225  2.77519  2.73123  3.46354  2.40513  3.72494  3.29354  2.67741  2.69355  4.24690  2.90347  2.73739  3.18146  2.89801  2.37887  2.77519  2.98518  4.58477  3.61503
          0.01848  4.39636  5.11870  0.61958  0.77255  0.48576  0.95510
    165   2.44035  4.60295  3.27471  2.71624  3.07638  3.56217  3.79624  3.16525  2.11016  2.27933  3.70101  3.18875  3.30879  3.02292  3.09798  2.26632  2.90035  2.90357  5.15871  3.88200    188 k - - -
          2.68618  4.42225  2.77519  2.73123  3.46354  2.40513  3.72494  3.29354  2.67741  2.69355  4.24690  2.90347  2.73739  3.18146  2.89801  2.37887  2.77519  2.98518  4.58477  3.61503
          0.01848  4.39636  5.11870  0.61958  0.77255  0.48576  0.95510
    166   2.70546  5.13237  1.90715  2.39112  4.44102  3.45558  3.67229  3.90494  2.21944  3.42226  4.18755  2.93637  3.86690  2.48963  2.92033  2.41771  2.58523  3.50468  5.58604  3.42115    189 d - - -
          2.68618  4.42225  2.77519  2.73123  3.46354  2.40513  3.72494  3.29354  2.67741  2.69355  4.24690  2.90347  2.73739  3.18146  2.89801  2.37887  2.77519  2.98518  4.58477  3.61503
          0.01848  4.39636  5.11870  0.61958  0.77255  0.48576  0.95510
    167   2.42650  5.13207  2.33733  2.20919  4.44874  3.45223  3.65474  3.91647  2.19305  3.42467  4.18185  2.92986  3.85427  2.32041  2.89432  2.65970  2.64884  3.50768  5.58055  3.03202    190 k - - -
          2.68618  4.42225  2.77519  2.73123  3.46354  2.40513  3.72494  3.29354  2.67741  2.69355  4.24690  2.90347  2.73739  3.18146  2.89801  2.37887  2.77519  2.98518  4.58477  3.61503
          0.01848  4.39636  5.11870  0.61958  0.77255  0.48576  0.95510
    168   2.91791  4.31939  4.56011  3.97092  2.42753  4.08208  4.38851  1.74508  3.82561  1.50330  3.14558  4.12659  4.40472  3.04612  3.94132  3.38810  3.14675  2.11211  4.91327  3.75111    191 l - - -
          2.68618  4.42225  2.77519  2.73123  3.46354  2.40513  3.72494  3.29354  2.67741  2.69355  4.24690  2.90347  2.73739  3.18146  2.89801  2.37887  2.77519  2.98518  4.58477  3.61503
          0.01848  4.39636  5.11870  0.61958  0.77255  0.48576  0.95510
    169   2.67195  4.79951  3.12063  2.30611  3.39221  3.51819  3.72257  2.70299  2.13599  2.74488  3.87588  3.06867  3.90620  2.57607  2.64864  2.72712  2.58961  3.12101  5.31334  3.99690    192 k - - -
          2.68618  4.42225  2.77519  2.73123  3.46354  2.40513  3.72494  3.29354  2.67741  2.69355  4.24690  2.90347  2.73739  3.18146  2.89801  2.37887  2.77519  2.98518  4.58477  3.61503
          0.07338  4.39636  2.83999  0.61958  0.77255  0.48576  0.95510
    170   2.65439  4.45300  3.42163  2.85716  2.66810  3.59702  3.84030  2.97007  2.79590  2.66804  2.94671  2.88298  3.98215  3.12870  2.53936  2.83769  2.08038  2.73452  5.02017  3.76742    193 t - - -
          2.68618  4.42225  2.77519  2.73123  3.46354  2.40513  3.72494  3.29354  2.67741  2.69355  4.24690  2.90347  2.73739  3.18146  2.89801  2.37887  2.77519  2.98518  4.58477  3.61503
          0.01951  4.34249  5.06484  0.61958  0.77255  0.44004  1.03286
    171   2.39470  4.75069  3.14248  2.37189  3.95926  3.52338  3.73552  2.65621  2.37003  2.99540  3.26473  2.72220  3.91154  2.64493  3.01587  2.46084  2.89647  2.67468  5.27512  3.96642    194 k - - -
          2.68618  4.42225  2.77519  2.73123  3.46354  2.40513  3.72494  3.29354  2.67741  2.69355  4.24690  2.90347  2.73739  3.18146  2.89801  2.37887  2.77519  2.98518  4.58477  3.61503
          0.01848  4.39636  5.11870  0.61958  0.77255  0.48576  0.95510
    172   2.70450  5.19993  2.55700  2.19769  4.53603  3.01217  3.65612  4.01726  2.18244  3.50016  4.24653  2.41453  3.85645  2.75890  2.30958  2.24525  2.93774  3.58647  5.63532  4.22629    195 k - - -
          2.68618  4.42225  2.77519  2.73123  3.46354  2.40513  3.72494  3.29354  2.67741  2.69355  4.24690  2.90347  2.73739  3.18146  2.89801  2.37887  2.77519  2.98518  4.58477  3.61503
          0.01848  4.39636  5.11870  0.61958  0.77255  0.48576  0.95510
    173   2.69087  4.83273  3.12569  2.30296  4.06083  3.52797  3.72335  2.70188  1.95391  2.75601  3.90629  3.07264  3.91557  2.37483  2.93686  2.74042  2.91984  2.75409  5.33948  4.02331    196 k - - -
          2.68618  4.42225  2.77519  2.73123  3.46354  2.40513  3.72494  3.29354  2.67741  2.69355  4.24690  2.90347  2.73739  3.18146  2.89801  2.37887  2.77519  2.98518  4.58477  3.61503
          0.29382  4.39636  1.41770  0.61958  0.77255  0.48576  0.95510
    174   2.00180  4.48623  3.23277  2.73225  3.84419  3.38824  3.82862  2.67453  2.71593  2.87909  3.75250  2.28312  3.87057  3.05540  3.11765  2.68286  2.38955  2.83804  5.21960  3.94657    197 a - - -
          2.68618  4.42225  2.77519  2.73123  3.46354  2.40513  3.72494  3.29354  2.67741  2.69355  4.24690  2.90347  2.73739  3.18146  2.89801  2.37887  2.77519  2.98518  4.58477  3.61503
          0.02426  4.12679  4.84914  0.61958  0.77255  0.79643  0.59954
    175   2.70180  5.16749  2.30661  2.28362  4.48452  2.86240  2.91928  3.95983  1.92524  3.45973  4.23066  2.51550  3.81506  2.74967  2.89457  2.65819  2.94141  3.54735  5.61001  4.20163    198 k - - -
          2.68618  4.42225  2.77519  2.73123  3.46354  2.40513  3.72494  3.29354  2.67741  2.69355  4.24690  2.90347  2.73739  3.18146  2.89801  2.37887  2.77519  2.98518  4.58477  3.61503
          0.02426  4.12679  4.84914  0.61958  0.77255  0.79643  0.59954
    176   2.73569  5.09966  1.98479  2.02783  4.37817  3.35689  3.68948  3.81225  2.53971  3.38336  4.19124  2.49100  3.84054  2.83246  3.04527  2.70781  2.98542  2.39943  5.58830  4.19146    199 d - - -
          2.68618  4.42225  2.77519  2.73123  3.46354  2.40513  3.72494  3.29354  2.67741  2.69355  4.24690  2.90347  2.73739  3.18146  2.89801  2.37887  2.77519  2.98518  4.58477  3.61503
          0.02426  4.12679  4.84914  0.61958  0.77255  0.79643  0.59954
    177   2.68356  4.97362  2.91287  2.14112  4.24685  3.43543  3.62903  3.68591  1.77753  3.24067  4.04406  2.94027  3.16104  2.76394  2.75327  2.68380  2.91173  3.33464  5.42548  3.11558    200 k - - -
          2.68618  4.42225  2.77519  2.73123  3.46354  2.40513  3.72494  3.29354  2.67741  2.69355  4.24690  2.90347  2.73739  3.18146  2.89801  2.37887  2.77519  2.98518  4.58477  3.61503
          0.02426  4.12679  4.84914  0.61958  0.77255  0.33132  1.26576
    178   2.70468  4.39890  3.62119  3.05178  3.53322  3.08733  3.94746  2.52478  2.17684  1.76429  3.48993  3.44441  4.06966  3.28519  3.27789  2.94621  2.93780  2.32348  4.99909  3.77129    201 l - - -
          2.68618  4.42225  2.77519  2.73123  3.46354  2.40513  3.72494  3.29354  2.67741  2.69355  4.24690  2.90347  2.73739  3.18146  2.89801  2.37887  2.77519  2.98518  4.58477  3.61503
          0.01848  4.39636  5.11870  0.61958  0.77255  0.48576  0.95510
    179   2.13808  5.03341  2.98026  2.21409  4.32413  2.98233  3.66237  3.77109  2.21804  3.31490  3.41213  2.64723  3.86125  2.78140  2.64055  2.66607  2.57162  3.39496  5.50118  4.12905    202 a - - -
          2.68618  4.42225  2.77519  2.73123  3.46354  2.40513  3.72494  3.29354  2.67741  2.69355  4.24690  2.90347  2.73739  3.18146  2.89801  2.37887  2.77519  2.98518  4.58477  3.61503
          0.01848  4.39636  5.11870  0.61958  0.77255  0.48576  0.95510
    180   2.67736  4.67258  2.84236  2.66425  3.87333  3.55090  3.78395  2.76690  2.20084  2.91237  3.76913  3.15139  3.94498  2.98868  3.07418  2.27996  2.91203  2.03644  5.22644  3.93640    203 v - - -
          2.68618  4.42225  2.77519  2.73123  3.46354  2.40513  3.72494  3.29354  2.67741  2.69355  4.24690  2.90347  2.73739  3.18146  2.89801  2.37887  2.77519  2.98518  4.58477  3.61503
          0.01848  4.39636  5.11870  0.61958  0.77255  0.48576  0.95510
    181   2.69012  5.00454  3.02590  2.25210  4.28496  3.49057  3.67425  3.08188  2.21316  3.27655  4.06492  2.99293  3.88027  2.19621  2.40496  2.69271  2.59770  3.36040  5.47263  3.25427    204 q - - -
          2.68618  4.42225  2.77519  2.73123  3.46354  2.40513  3.72494  3.29354  2.67741  2.69355  4.24690  2.90347  2.73739  3.18146  2.89801  2.37887  2.77519  2.98518  4.58477  3.61503
          0.01848  4.39636  5.11870  0.61958  0.77255  0.48576  0.95510
    182   2.66991  4.61580  3.26742  2.70428  3.21469  3.56605  3.78565  2.84729  2.44538  2.84485  3.70536  2.53272  3.95074  3.00920  2.18378  2.78834  2.90072  2.62001  5.15731  3.18038    205 r - - -
          2.68618  4.42225  2.77519  2.73123  3.46354  2.40513  3.72494  3.29354  2.67741  2.69355  4.24690  2.90347  2.73739  3.18146  2.89801  2.37887  2.77519  2.98518  4.58477  3.61503
          0.01848  4.39636  5.11870  0.61958  0.77255  0.48576  0.95510
    183   2.85575  4.37031  4.18043  3.64791  3.44227  2.08178  4.32969  1.71471  3.53020  1.69023  3.39093  3.90597  4.32446  3.80227  3.75736  3.24557  3.11532  2.28600  5.07304  3.86864    206 l - - -
          2.68618  4.42225  2.77519  2.73123  3.46354  2.40513  3.72494  3.29354  2.67741  2.69355  4.24690  2.90347  2.73739  3.18146  2.89801  2.37887  2.77519  2.98518  4.58477  3.61503
          0.01848  4.39636  5.11870  0.61958  0.77255  0.48576  0.95510
    184   1.92632  4.40283  3.67308  3.19029  4.14289  2.22111  4.19998  3.51912  3.16523  3.21802  4.06439  3.45297  3.92944  3.46489  3.52276  2.29928  1.62454  2.52627  5.51974  4.28904    207 t - - -
          2.68618  4.42225  2.77519  2.73123  3.46354  2.40513  3.72494  3.29354  2.67741  2.69355  4.24690  2.90347  2.73739  3.18146  2.89801  2.37887  2.77519  2.98518  4.58477  3.61503
          0.01848  4.39636  5.11870  0.61958  0.77255  0.48576  0.95510
    185   2.69901  4.96633  2.13039  2.52373  4.52471  2.43491  3.85855  3.98319  2.69513  3.53838  4.32530  3.03325  3.90857  3.00044  3.18222  1.92092  2.05648  3.54662  5.72518  4.35282    208 s - - -
          2.68618  4.42225  2.77519  2.73123  3.46354  2.40513  3.72494  3.29354  2.67741  2.69355  4.24690  2.90347  2.73739  3.18146  2.89801  2.37887  2.77519  2.98518  4.58477  3.61503
          0.01848  4.39636  5.11870  0.61958  0.77255  0.48576  0.95510
    186   2.90491  5.32652  2.20293  2.38217  4.78388  2.31738  3.89594  4.27981  2.80754  3.79166  4.59226  1.45127  3.97097  3.04256  3.34717  2.39189  3.20027  3.83220  5.95506  4.51319    209 n - - -
          2.68618  4.42225  2.77519  2.73123  3.46354  2.40513  3.72494  3.29354  2.67741  2.69355  4.24690  2.90347  2.73739  3.18146  2.89801  2.37887  2.77519  2.98518  4.58477  3.61503
          0.01848  4.39636  5.11870  0.61958  0.77255  0.48576  0.95510
    187   3.40551  4.69503  5.13833  4.63735  2.12234  4.67472  4.85917  0.94820  4.50039  1.93305  3.30448  4.74657  4.92715  4.60284  4.57982  4.05447  3.64740  2.15279  5.12016  3.74789    210 i - - -
          2.68618  4.42225  2.77519  2.73123  3.46354  2.40513  3.72494  3.29354  2.67741  2.69355  4.24690  2.90347  2.73739  3.18146  2.89801  2.37887  2.77519  2.98518  4.58477  3.61503
          0.01848  4.39636  5.11870  0.61958  0.77255  0.48576  0.95510
    188   3.52365  4.90410  4.56578  4.17069  1.75676  4.36340  3.74109  3.44974  4.05383  2.93513  4.06012  4.12063  4.71978  4.13687  4.17793  2.66382  3.76263  3.29649  3.95344  0.90847    211 y - - -
          2.68618  4.42225  2.77519  2.73123  3.46354  2.40513  3.72494  3.29354  2.67741  2.69355  4.24690  2.90347  2.73739  3.18146  2.89801  2.37887  2.77519  2.98518  4.58477  3.61503
          0.01848  4.39636  5.11870  0.61958  0.77255  0.48576  0.95510
    189   3.14141  4.52719  4.63020  4.09202  2.89973  4.25398  4.24076  1.89262  3.92229  1.73025  3.34395  4.20794  4.56844  4.09373  4.04802  3.57317  3.37086  2.48013  4.60979  1.43818    212 y - - -
          2.68618  4.42225  2.77519  2.73123  3.46354  2.40513  3.72494  3.29354  2.67741  2.69355  4.24690  2.90347  2.73739  3.18146  2.89801  2.37887  2.77519  2.98518  4.58477  3.61503
          0.01848  4.39636  5.11870  0.61958  0.77255  0.48576  0.95510
    190   2.20094  4.28474  3.92961  3.36967  3.41570  3.77483  2.83752  1.59987  3.26718  2.44218  3.40255  3.67116  4.16362  3.55079  3.52910  3.06169  2.96817  2.13577  4.93575  3.72001    213 i - - -
          2.68618  4.42225  2.77519  2.73123  3.46354  2.40513  3.72494  3.29354  2.67741  2.69355  4.24690  2.90347  2.73739  3.18146  2.89801  2.37887  2.77519  2.98518  4.58477  3.61503
          0.07338  4.39636  2.83999  0.61958  0.77255  0.48576  0.95510
    191   2.43533  5.16535  2.96816  2.01663  4.50940  2.97548  3.65975  3.96141  1.78349  3.45362  4.22307  2.97051  3.89006  2.77019  2.27496  2.71963  2.97306  3.55889  5.58794  4.22331    214 k - - -
          2.68618  4.42225  2.77519  2.73123  3.46354  2.40513  3.72494  3.29354  2.67741  2.69355  4.24690  2.90347  2.73739  3.18146  2.89801  2.37887  2.77519  2.98518  4.58477  3.61503
          0.01951  4.34249  5.06484  0.61958  0.77255  0.56352  0.84211
    192   3.08762  5.28668  3.45463  2.82871  4.75676  3.73909  3.74681  4.12211  1.05225  3.56642  4.40591  3.26403  4.12121  2.87382  1.99961  2.60369  3.27567  3.77211  5.62174  4.41351    215 k - - -
          2.68618  4.42225  2.77519  2.73123  3.46354  2.40513  3.72494  3.29354  2.67741  2.69355  4.24690  2.90347  2.73739  3.18146  2.89801  2.37887  2.77519  2.98518  4.58477  3.61503
          0.14742  4.34249  2.08695  0.61958  0.77255  0.56352  0.84211
    193   2.64818  4.69632  3.15478  2.58698  3.90262  3.50474  3.69774  2.50211  2.22136  2.93449  3.77870  3.07771  3.23238  2.57709  2.54337  2.72631  2.87559  3.01164  5.21265  3.11983    216 k - - -
          2.68618  4.42225  2.77519  2.73123  3.46354  2.40513  3.72494  3.29354  2.67741  2.69355  4.24690  2.90347  2.73739  3.18146  2.89801  2.37887  2.77519  2.98518  4.58477  3.61503
          0.11800  4.21721  2.33757  0.61958  0.77255  0.71122  0.67539
    194   2.87843  5.25429  2.73441  2.07992  4.61375  3.44971  3.67738  4.04868  1.42776  3.53076  4.34554  2.47145  3.91599  2.80940  2.64164  2.83147  3.10614  3.66546  5.64464  4.30618    217 k - - -
          2.68618  4.42225  2.77519  2.73123  3.46354  2.40513  3.72494  3.29354  2.67741  2.69355  4.24690  2.90347  2.73739  3.18146  2.89801  2.37887  2.77519  2.98518  4.58477  3.61503
          0.12099  4.12355  2.32511  0.61958  0.77255  0.79922  0.59726
    195   2.61225  4.77127  2.98445  2.45461  4.00550  3.42221  2.97377  2.82980  2.17710  3.02788  3.85328  2.58131  3.15881  2.78584  2.81295  2.65349  2.84281  3.10703  5.26860  3.94755    218 k - - -
          2.68623  4.42231  2.77525  2.73129  3.46359  2.40518  3.72438  3.29360  2.67724  2.69360  4.24695  2.90328  2.73745  3.18152  2.89806  2.37892  2.77525  2.98497  4.58482  3.61509
          0.35622  1.20503        *  0.37355  1.16567  0.00000        *
//
